id,first_name,last_name,age,gender,state,party,email,registered_date,last_voted_date,updated_at
VOT001,James,Smith,34,M,CA,Independent,james.smith@email.com,2015-03-15,2024-11-05,2/8/2024 12:03:45
VOT002,Maria,Johnson,45,F,TX,Democrat,maria.johnson@email.com,2008-09-22,2024-11-05,12/31/2023 12:23:38
VOT003,Robert,Williams,67,M,FL,Republican,robert.williams@email.com,1998-01-10,2024-11-05,5/29/2024 23:27:36
VOT004,Linda,Brown,29,F,New York,Independent,linda.brown@email.com,2018-06-30,2022-11-08,11/10/2023 18:52:48
VOT005,Michael,Jones,52,M,PA,Democrat,michael.jones@email.com,2005-04-18,2024-11-05,7/12/2025 13:23:42
VOT006,Sarah,Garcia,38,F,IL,Republican,sarah.garcia@email.com,2012-11-01,2024-11-05,10/2/2024 22:57:04
VOT007,David,Miller,41,M,OH,Independent,david.miller@email.com,2010-02-28,2024-11-05,7/2/2025 18:56:07
VOT008,Jennifer,Davis,55,F,MI,Democrat,jennifer.davis@email.com,2001-07-14,2022-11-08,1/24/2025 13:03:06
VOT009,William,Rodriguez,33,M,NC,Republican,,2016-09-05,2024-11-05,8/8/2025 14:25:55
VOT010,Patricia,Martinez,48,F,GA,Independent,patricia.martinez@email.com,2007-12-20,2024-11-05,10/9/2024 8:20:11
VOT011,Christopher,Hernandez,26,M,VA,Democrat,christopher.hernandez@email.com,2020-01-15,2024-11-05,10/22/2023 5:04:03
VOT012,,,61,F,WA,Republican,barbara.lopez@email.com,1995-05-08,2022-11-08,7/2/2023 8:21:30
VOT013,Daniel,Gonzalez,37,M,AZ,Independent,daniel.gonzalez@email.com,2013-08-25,2024-11-05,8/3/2025 7:09:07
VOT014,Nancy,Wilson,44,F,MA,Democrat,nancy.wilson@email.com,2009-03-12,2024-11-05,5/15/2025 16:55:25
VOT015,Matthew,Anderson,50,M,,Republican,matthew.anderson@email.com,2004-10-30,2024-11-05,2/23/2025 18:57:15
VOT016,Betty,Thomas,58,F,MO,Independent,betty.thomas@email.com,2002-06-15,2020-11-03,10/23/2024 1:31:09
VOT017,Mark,Taylor,31,M,MD,Democrat,mark.taylor@email.com,2017-04-22,2024-11-05,10/25/2023 4:01:55
VOT018,Sandra,Moore,46,F,CO,Republican,sandra.moore@email.com,2008-11-18,2024-11-05,6/5/2024 4:46:25
VOT019,Paul,Jackson,39,M,OR,Independent,paul.jackson@email.com,2011-09-10,2022-11-08,5/6/2025 10:57:20
VOT020,Laura,Martin,53,F,NV,Democrat,laura.martin@email.com,2003-02-05,2024-11-05,9/4/2024 23:12:53
VOT021,George,Lee,42,M,CT,Republican,george.lee@email.com,2010-07-28,2024-11-05,7/11/2023 22:59:55
VOT022,Donna,Perez,35,F,NJ,Independent,donna.perez@email.com,2014-12-15,2024-11-05,1/1/2023 15:08:55
VOT023,Kenneth,Thompson,56,M,IN,Democrat,kenneth.thompson@email.com,2000-05-20,2020-11-03,11/28/2024 8:48:00
VOT024,Carol,White,49,F,WI,Republican,carol.white@email.com,2006-08-10,2024-11-05,8/3/2025 21:46:48
VOT025,Steven,Harris,28,M,SC,Independent,steven.harris@email.com,2019-03-25,2024-11-05,6/9/2024 2:10:47
VOT026,Michelle,Sanchez,40,F,AL,Democrat,michelle.sanchez@email.com,2012-01-08,2022-11-08,7/2/2025 11:45:21
VOT027,Edward,Clark,63,M,LA,Republican,edward.clark@email.com,1993-09-15,2024-11-05,5/16/2025 12:13:23
VOT028,Sharon,Ramirez,36,F,KY,Independent,sharon.ramirez@email.com,2013-06-20,2024-11-05,6/23/2023 9:06:57
VOT029,Brian,Lewis,47,M,OK,Democrat,brian.lewis@email.com,2007-11-05,2024-11-05,2/6/2024 9:25:26
VOT030,Amy,Robinson,32,F,AR,Republican,amy.robinson@email.com,2016-02-18,2020-11-03,4/5/2024 2:11:20
VOT031,Kevin,Walker,54,M,IA,Independent,kevin.walker@email.com,2001-04-12,2024-11-05,3/22/2024 22:06:39
VOT032,Angela,Young,43,F,MS,Democrat,angela.young@email.com,2009-10-25,2024-11-05,6/15/2023 16:16:44
VOT033,Jason,Allen,30,M,UT,Republican,jason.allen@email.com,2018-07-15,2024-11-05,7/9/2023 13:33:32
VOT034,Kimberly,King,51,F,KS,Independent,kimberly.king@email.com,2004-03-08,2022-11-08,1/7/2024 14:02:15
VOT035,Timothy,Wright,38,M,NE,Democrat,timothy.wright@email.com,2012-09-22,2024-11-05,6/24/2023 14:06:56
VOT036,Lisa,Scott,45,F,NM,Republican,lisa.scott@email.com,2008-01-30,2024-11-05,5/10/2024 12:13:39
VOT037,Jeffrey,Torres,59,M,WV,Independent,jeffrey.torres@email.com,1999-06-15,2020-11-03,7/8/2024 2:21:25
VOT038,Brenda,Hill,34,F,ID,Democrat,brenda.hill@email.com,2015-11-20,2024-11-05,9/11/2023 20:08:03
VOT039,Gary,Flores,48,M,HI,Republican,gary.flores@email.com,2007-05-10,2024-11-05,10/7/2024 8:42:42
VOT040,Susan,Green,41,F,NH,Independent,susan.green@email.com,2010-08-28,2022-11-08,8/28/2024 17:11:09
VOT041,Jose,Adams,27,M,ME,Democrat,jose.adams@email.com,2020-04-15,2024-11-05,5/7/2025 14:10:29
VOT042,Helen,Nelson,62,F,RI,Republican,helen.nelson@email.com,1994-12-05,2024-11-05,1/5/2023 11:24:14
VOT043,Larry,Baker,37,M,MT,Independent,larry.baker@email.com,2013-03-18,2024-11-05,8/20/2024 11:39:43
VOT044,Pamela,Hall,44,F,DE,Democrat,pamela.hall@email.com,2009-09-10,2020-11-03,6/21/2025 0:05:53
VOT045,Frank,Rivera,55,M,SD,Republican,frank.rivera@email.com,2001-02-25,2024-11-05,7/26/2024 16:14:10
VOT046,Deborah,Campbell,33,F,ND,Independent,deborah.campbell@email.com,2016-06-12,2024-11-05,5/14/2023 13:47:24
VOT047,Eric,Mitchell,46,M,AK,Democrat,eric.mitchell@email.com,2008-10-20,2022-11-08,5/11/2024 12:51:41
VOT048,Teresa,Roberts,52,F,VT,Republican,teresa.roberts@email.com,2004-07-08,2024-11-05,3/3/2023 19:38:25
VOT049,Jerry,Carter,40,M,WY,Independent,jerry.carter@email.com,2012-04-30,2024-11-05,3/11/2025 0:31:50
VOT050,Gloria,Phillips,58,F,CA,Democrat,gloria.phillips@email.com,2002-01-15,2024-11-05,2/15/2025 19:43:10
VOT051,Aaron,Evans,29,M,TX,Republican,aaron.evans@email.com,2018-08-22,2020-11-03,11/11/2023 21:31:46
VOT052,Ruth,Turner,64,F,FL,Independent,ruth.turner@email.com,1992-05-10,2024-11-05,9/22/2024 18:15:34
VOT053,Douglas,Collins,35,M,NY,Democrat,douglas.collins@email.com,2014-12-03,2024-11-05,8/27/2023 2:17:27
VOT054,Virginia,Stewart,47,F,PA,Republican,virginia.stewart@email.com,2007-09-18,2022-11-08,2/17/2024 2:34:57
VOT055,Nathan,Morris,31,M,IL,Independent,nathan.morris@email.com,2017-02-28,2024-11-05,6/6/2023 1:43:00
VOT056,Katherine,Rogers,56,F,OH,Democrat,katherine.rogers@email.com,2000-06-15,2024-11-05,8/3/2023 4:42:31
VOT057,Carl,Reed,42,M,MI,Republican,carl.reed@email.com,2010-11-05,2024-11-05,12/20/2024 16:01:19
VOT058,Judith,Cook,49,F,NC,Independent,judith.cook@email.com,2006-03-20,2020-11-03,3/24/2024 20:41:28
VOT059,Jeremy,Morgan,38,M,Georgia,Democrat,jeremy.morgan@email.com,2012-07-12,2024-11-05,6/23/2025 10:05:51
VOT060,Diana,Bell,53,F,VA,Republican,diana.bell@email.com,2003-10-25,2024-11-05,11/22/2023 22:32:46
VOT061,Willie,Murphy,26,M,WA,Independent,willie.murphy@email.com,2020-05-15,2022-11-08,9/19/2024 6:02:55
VOT062,Joyce,Bailey,61,F,AZ,Democrat,joyce.bailey@email.com,1995-08-08,2024-11-05,8/12/2024 15:11:04
VOT063,Ralph,Cooper,45,M,MA,Republican,ralph.cooper@email.com,2008-04-18,2024-11-05,1/12/2024 4:00:56
VOT064,Marie,Richardson,37,F,TN,Independent,marie.richardson@email.com,2013-01-30,2024-11-05,6/17/2025 4:04:00
VOT065,Eugene,Cox,50,M,MO,Democrat,eugene.cox@email.com,2004-09-22,2020-11-03,6/2/2024 22:33:01
VOT066,Janet,Howard,43,F,MD,Republican,janet.howard@email.com,2009-06-10,2024-11-05,2/15/2024 16:21:16
VOT067,Russell,Ward,32,M,CO,Independent,russell.ward@email.com,2016-11-28,2024-11-05,7/21/2023 17:45:05
VOT068,Kathryn,Torres,54,F,OR,Democrat,kathryn.torres@email.com,2001-03-15,2022-11-08,2/5/2024 23:08:10
VOT069,Harold,Peterson,39,M,NV,Republican,harold.peterson@email.com,2011-12-05,2024-11-05,1/16/2025 8:03:15
VOT070,Frances,Gray,48,F,CT,Independent,frances.gray@email.com,2007-07-20,2024-11-05,12/16/2023 14:51:24
VOT071,Arthur,Ramirez,60,M,NJ,Democrat,arthur.ramirez@email.com,1998-02-10,2024-11-05,5/28/2025 18:58:50
VOT072,Christina,James,34,F,IN,Republican,christina.james@email.com,2015-09-25,2020-11-03,8/12/2023 2:23:44
VOT073,Albert,Watson,46,M,WI,Independent,albert.watson@email.com,2008-06-12,,11/6/2023 13:21:09
VOT074,Julie,Brooks,41,F,SC,Democrat,julie.brooks@email.com,2010-10-30,2024-11-05,4/14/2024 8:16:31
VOT075,Wayne,Kelly,28,M,AL,Republican,wayne.kelly@email.com,2019-04-15,2022-11-08,12/4/2024 11:23:33
VOT076,Rose,Sanders,55,F,LA,Independent,rose.sanders@email.com,2001-08-05,2024-11-05,9/17/2024 0:18:22
VOT077,Adam,Price,36,M,KY,Democrat,adam.price@email.com,2013-02-18,2024-11-05,8/9/2024 11:48:48
VOT078,Grace,Bennett,49,F,OK,Republican,grace.bennett@email.com,2006-11-10,2024-11-05,3/24/2024 19:30:46
VOT079,Sean,Wood,33,M,AR,Independent,sean.wood@email.com,2016-05-22,2020-11-03,6/7/2025 19:26:15
VOT080,Mildred,Barnes,62,F,IA,Democrat,mildred.barnes@email.com,1994-09-15,2024-11-05,4/1/2023 1:30:00
VOT081,Peter,Ross,44,M,MS,Republican,peter.ross@email.com,2009-01-28,2024-11-05,10/10/2023 19:03:18
VOT082,Cheryl,Henderson,51,F,UT,Independent,cheryl.henderson@email.com,2004-06-20,2022-11-08,8/25/2024 9:28:17
VOT083,Randy,Coleman,30,M,KS,Democrat,randy.coleman@email.com,2018-03-10,2024-11-05,6/3/2025 5:10:10
VOT084,Alice,Jenkins,57,F,NE,Republican,alice.jenkins@email.com,2000-12-05,2024-11-05,4/10/2024 11:54:36
VOT085,Lawrence,Perry,40,M,NM,Independent,lawrence.perry@email.com,2012-08-25,2024-11-05,12/26/2023 6:57:05
VOT086,Ann,Powell,47,F,WV,Democrat,ann.powell@email.com,2007-04-12,2020-11-03,4/3/2023 20:29:52
VOT087,Scott,Long,35,M,ID,Republican,scott.long@email.com,2014-09-30,2024-11-05,12/21/2023 13:09:24
VOT088,Emily,Patterson,52,F,HI,Independent,emily.patterson@email.com,2004-02-15,2024-11-05,1/20/2023 18:08:37
VOT089,Juan,Hughes,38,M,NH,Democrat,,2012-06-08,2022-11-08,6/6/2025 18:56:21
VOT090,Lois,Flores,45,F,ME,Republican,lois.flores@email.com,2008-10-20,2024-11-05,2/16/2024 5:03:13
VOT091,Philip,Washington,59,M,RI,Independent,philip.washington@email.com,1999-03-05,2024-11-05,4/18/2023 5:25:34
VOT092,Martha,Butler,31,F,MT,Democrat,martha.butler@email.com,2017-07-18,2024-11-05,10/23/2024 0:34:21
VOT093,Roy,Simmons,48,M,DE,Republican,roy.simmons@email.com,2007-01-25,2020-11-03,10/26/2023 11:35:31
VOT094,Debra,Foster,42,F,SD,Independent,debra.foster@email.com,2010-05-10,2024-11-05,2/26/2023 0:05:23
VOT095,Willie,Gonzales,27,M,ND,Democrat,willie.gonzales@email.com,2020-09-22,2024-11-05,1/31/2024 6:24:39
VOT096,Theresa,Bryant,56,F,AK,Republican,theresa.bryant@email.com,2000-04-15,2022-11-08,9/18/2023 3:36:12
VOT097,Henry,Alexander,63,M,VT,Independent,henry.alexander@email.com,1993-11-08,2024-11-05,7/5/2025 9:25:58
VOT098,Beverly,Russell,37,F,WY,Democrat,beverly.russell@email.com,2013-03-28,2024-11-05,11/3/2024 17:35:03
VOT099,Dennis,Griffin,46,M,CA,Republican,dennis.griffin@email.com,2008-07-20,2024-11-05,4/2/2023 7:52:14
VOT100,Anna,Diaz,34,F,TX,Independent,anna.diaz@email.com,2015-12-12,2020-11-03,11/13/2024 8:36:11
VOT101,Raymond,Hayes,50,M,FL,Democrat,raymond.hayes@email.com,2004-05-05,2024-11-05,6/26/2024 13:57:17
VOT102,Stephanie,Myers,41,F,NY,Republican,stephanie.myers@email.com,2010-09-18,2024-11-05,12/8/2023 11:43:04
VOT103,Joshua,Ford,29,M,PA,Independent,joshua.ford@email.com,2018-02-25,2022-11-08,6/18/2024 1:45:07
VOT104,Doris,Hamilton,,F,IL,Democrat,doris.hamilton@email.com,2002-06-10,2024-11-05,2/22/2023 8:56:32
VOT105,Keith,Graham,43,M,OH,Republican,keith.graham@email.com,2009-11-30,2024-11-05,2/10/2025 1:48:52
VOT106,Nicole,Sullivan,32,F,MI,Independent,nicole.sullivan@email.com,2016-04-15,2024-11-05,9/25/2024 1:09:18
VOT107,Benjamin,Wallace,54,M,NC,Democrat,benjamin.wallace@email.com,2001-08-22,2020-11-03,4/19/2024 10:57:38
VOT108,Rachel,Woods,39,F,GA,Republican,rachel.woods@email.com,2011-01-10,2024-11-05,12/12/2023 20:37:45
VOT109,Gregory,Cole,47,M,VA,Independent,gregory.cole@email.com,2007-05-28,2024-11-05,8/31/2024 17:10:17
VOT110,Dorothy,West,61,F,WA,Democrat,dorothy.west@email.com,1995-10-15,2022-11-08,10/17/2024 22:53:55
VOT111,Alexander,Gordon,26,M,AZ,Republican,alexander.gordon@email.com,2020-03-05,2024-11-05,2/12/2023 18:00:28
VOT112,Samantha,Hunter,45,F,MA,Independent,samantha.hunter@email.com,2008-08-18,2024-11-05,10/9/2023 8:00:07
VOT113,Bobby,Knight,36,M,TN,Democrat,bobby.knight@email.com,2013-12-25,2024-11-05,12/4/2024 9:08:24
VOT114,Emma,Ferguson,53,F,MO,Republican,emma.ferguson@email.com,2003-04-08,2020-11-03,11/30/2023 8:11:05
VOT115,Nicholas,Rose,30,M,MD,Independent,nicholas.rose@email.com,2018-09-12,2024-11-05,11/16/2024 9:30:33
VOT116,Marilyn,Stone,48,F,CO,Democrat,marilyn.stone@email.com,2007-02-20,2024-11-05,8/17/2023 21:56:50
VOT117,Johnny,Hawkins,40,M,OR,Republican,johnny.hawkins@email.com,2012-06-30,2022-11-08,6/19/2025 7:19:16
VOT118,Olivia,Dunn,35,F,NV,Independent,olivia.dunn@email.com,2014-11-15,2024-11-05,10/27/2023 12:53:34
VOT119,Brandon,Sims,51,M,CT,Democrat,brandon.sims@email.com,2004-03-22,2024-11-05,7/23/2025 0:29:44
VOT120,Evelyn,Hudson,44,F,NJ,Republican,evelyn.hudson@email.com,2009-07-10,2024-11-05,11/10/2023 14:06:51
VOT121,Eugene,Spencer,57,M,IN,Independent,eugene.spencer@email.com,2000-12-28,2020-11-03,12/12/2023 10:23:13
VOT122,Andrea,Gardner,33,F,WI,Democrat,andrea.gardner@email.com,2016-05-05,2024-11-05,9/14/2024 16:55:57
VOT123,Louis,Stephens,49,M,SC,Republican,louis.stephens@email.com,2006-09-18,2024-11-05,2/27/2025 4:30:33
VOT124,Ashley,Payne,38,F,AL,Independent,ashley.payne@email.com,2012-02-10,2022-11-08,2/7/2024 20:35:34
VOT125,Ryan,Pierce,28,M,LA,Democrat,ryan.pierce@email.com,2019-06-25,2024-11-05,5/25/2025 0:40:59
VOT126,Madison,Berry,42,F,KY,Republican,madison.berry@email.com,2010-10-12,2024-11-05,5/29/2025 1:04:50
VOT127,Jordan,Arnold,31,M,OK,Independent,jordan.arnold@email.com,2017-03-30,2024-11-05,3/27/2024 17:27:20
VOT128,Abigail,Reynolds,55,F,AR,Democrat,abigail.reynolds@email.com,2001-07-15,2020-11-03,7/27/2023 22:31:40
VOT129,Austin,Ellis,46,M,IA,Republican,austin.ellis@email.com,2008-11-22,2024-11-05,1/30/2023 23:49:03
VOT130,Victoria,Harrison,37,F,MS,Independent,victoria.harrison@email.com,2013-04-08,2024-11-05,1/29/2024 7:44:04
VOT131,Jacob,Gibson,52,M,UT,Democrat,jacob.gibson@email.com,2004-08-20,2022-11-08,4/10/2025 17:10:28
VOT132,Sophia,McDonald,29,F,Kansas,Republican,sophia.mcdonald@email.com,2018-01-12,2024-11-05,6/4/2025 21:07:45
VOT133,Ethan,Cruz,60,M,NE,Independent,,1998-05-30,2024-11-05,8/16/2023 14:12:35
VOT134,Isabella,Marshall,43,F,NM,Democrat,isabella.marshall@email.com,2009-10-15,2024-11-05,9/19/2024 18:03:13
VOT135,Mason,Owens,34,M,WV,Republican,mason.owens@email.com,2015-02-25,2020-11-03,3/17/2025 10:42:15
VOT136,Mia,Johnston,48,F,ID,Independent,mia.johnston@email.com,2007-06-18,2024-11-05,1/23/2023 6:33:33
VOT137,Noah,Murray,41,M,HI,Democrat,noah.murray@email.com,2010-11-05,2024-11-05,4/30/2024 13:33:36
VOT138,Charlotte,Freeman,56,F,NH,Republican,charlotte.freeman@email.com,2000-03-20,2022-11-08,10/29/2023 11:57:17
VOT139,Liam,Wells,27,M,ME,Independent,liam.wells@email.com,2020-07-10,2024-11-05,5/23/2023 23:12:11
VOT140,Amelia,Webb,62,F,RI,Democrat,amelia.webb@email.com,1994-12-22,2024-11-05,2/15/2024 10:09:17
VOT1401,Willie,Henry,41,M,OK,Republican,willie.henry@email.com,2010-04-02,2020-11-03,9/17/2024 19:13:05
VOT1402,Katherine,Boyd,35,F,AR,Independent,katherine.boyd@email.com,2014-08-15,2024-11-05,11/13/2023 7:25:45
VOT1403,Terry,Mason,56,M,IA,Democrat,terry.mason@email.com,2000-12-28,2024-11-05,8/24/2024 0:30:11
VOT1404,Amy,Morales,28,F,MS,Republican,amy.morales@email.com,2019-05-10,2022-11-08,8/26/2024 3:27:32
VOT1405,Harold,Kennedy,47,M,UT,Independent,harold.kennedy@email.com,2007-09-22,2024-11-05,2/22/2024 1:24:35
VOT1406,Christine,Warren,43,F,KS,Democrat,christine.warren@email.com,2009-02-05,2024-11-05,2/5/2025 1:39:27
VOT1407,Gerald,Dixon,38,M,NE,Republican,gerald.dixon@email.com,2012-06-18,2024-11-05,1/12/2023 11:15:23
VOT1408,Debra,Ramos,59,F,NM,Independent,debra.ramos@email.com,1999-10-30,2020-11-03,4/1/2025 13:31:48
VOT1409,Arthur,Reyes,33,M,WV,Democrat,arthur.reyes@email.com,2016-03-15,2024-11-05,12/21/2024 10:17:56
VOT141,Oliver,Simpson,38,M,Montana,Republican,oliver.simpson@email.com,2012-04-15,2024-11-05,3/1/2025 6:22:46
VOT1410,Jean,Burns,50,F,ID,Republican,jean.burns@email.com,2004-07-25,2024-11-05,8/13/2024 12:39:03
VOT1411,Bryan,Gordon,44,M,HI,Independent,bryan.gordon@email.com,2009-12-08,2022-11-08,5/6/2024 13:59:45
VOT1412,Kathryn,Shaw,30,F,NH,Democrat,kathryn.shaw@email.com,2018-04-20,2024-11-05,9/17/2023 11:50:52
VOT1413,Austin,Holmes,52,M,ME,Republican,austin.holmes@email.com,2004-08-05,2024-11-05,8/28/2024 15:59:54
VOT1414,Denise,Rice,40,F,RI,Independent,denise.rice@email.com,2012-01-18,2024-11-05,4/7/2024 9:39:31
VOT1415,Willie,Robertson,36,M,MT,Democrat,willie.robertson@email.com,2013-05-30,2020-11-03,1/24/2023 21:19:19
VOT1416,Rachel,Hunt,49,F,DE,Republican,rachel.hunt@email.com,2006-10-12,2024-11-05,4/25/2024 9:26:46
VOT1417,Aaron,Black,61,M,SD,Independent,aaron.black@email.com,1995-02-25,2024-11-05,1/22/2024 16:52:56
VOT1418,Judy,Daniels,34,F,ND,Democrat,judy.daniels@email.com,2015-07-08,2022-11-08,5/13/2025 3:47:22
VOT1419,Jonathan,Palmer,46,M,AK,Republican,jonathan.palmer@email.com,2008-11-20,2024-11-05,6/12/2023 15:45:49
VOT142,Harper,Stevens,45,F,DE,Independent,harper.stevens@email.com,2008-08-30,2020-11-03,6/8/2025 6:16:46
VOT1420,Carolyn,Mills,42,F,VT,Independent,carolyn.mills@email.com,2010-04-02,2024-11-05,11/18/2024 8:19:56
VOT1421,Eugene,Nichols,37,M,WY,Democrat,eugene.nichols@email.com,2013-08-15,2024-11-05,2/17/2024 21:18:51
VOT1422,Sara,Grant,55,F,CA,Republican,sara.grant@email.com,2001-12-28,2020-11-03,11/16/2023 8:28:08
VOT1423,Arthur,Knight,31,M,TX,Independent,arthur.knight@email.com,2017-05-10,2024-11-05,1/13/2025 17:24:13
VOT1424,Madison,Ferguson,45,F,FL,Democrat,madison.ferguson@email.com,2008-09-22,2024-11-05,6/30/2024 11:41:19
VOT1425,Gabriel,Rose,39,M,NY,Republican,gabriel.rose@email.com,2011-02-05,2022-11-08,11/4/2024 12:55:55
VOT1426,,Stone,53,F,PA,Independent,samantha.stone@email.com,2003-06-18,2024-11-05,3/7/2024 6:12:10
VOT1427,Albert,Hawkins,48,M,IL,Democrat,albert.hawkins@email.com,2007-10-30,2024-11-05,12/18/2024 10:29:31
VOT1428,Patricia,Dunn,32,F,OH,Republican,patricia.dunn@email.com,2016-03-15,2024-11-05,2/7/2024 2:02:29
VOT1429,Terry,Sims,44,M,MI,Independent,terry.sims@email.com,2009-07-25,2020-11-03,12/1/2024 22:50:39
VOT143,Elijah,Tucker,33,M,SD,Democrat,elijah.tucker@email.com,2016-01-18,2024-11-05,3/2/2024 15:09:41
VOT1430,Amy,Hudson,60,F,NC,Democrat,amy.hudson@email.com,1998-12-08,2024-11-05,2/9/2024 20:13:54
VOT1431,Willie,Spencer,38,M,GA,Republican,willie.spencer@email.com,2012-04-20,2024-11-05,8/18/2024 15:00:44
VOT1432,Diana,Gardner,45,F,VA,Independent,diana.gardner@email.com,2008-08-05,2022-11-08,2/21/2024 23:12:33
VOT1433,Gerald,Stephens,29,M,WA,Democrat,gerald.stephens@email.com,2018-01-18,2024-11-05,2/2/2024 15:20:33
VOT1434,Kelly,Payne,51,F,AZ,Republican,kelly.payne@email.com,2004-05-30,2024-11-05,2/16/2024 15:19:40
VOT1435,Peter,Pierce,43,M,MA,Independent,peter.pierce@email.com,2009-10-12,2024-11-05,5/21/2023 15:04:59
VOT1436,Frances,Berry,36,F,TN,Democrat,frances.berry@email.com,2013-02-25,2020-11-03,1/18/2025 15:56:32
VOT1437,Harold,Arnold,57,M,MO,Republican,harold.arnold@email.com,2000-07-08,2024-11-05,7/8/2025 10:56:42
VOT1438,Judith,Reynolds,40,F,MD,Independent,judith.reynolds@email.com,2012-11-20,2024-11-05,5/22/2024 15:05:31
VOT1439,Benjamin,Ellis,35,M,CO,Democrat,benjamin.ellis@email.com,2014-04-02,2022-11-08,12/8/2024 5:55:56
VOT144,Ava,Porter,50,F,ND,Republican,ava.porter@email.com,2004-05-25,2024-11-05,1/31/2024 1:49:59
VOT1440,Lauren,Harrison,54,F,OR,Republican,lauren.harrison@email.com,2001-08-15,2024-11-05,9/30/2023 4:15:43
VOT1441,Keith,Gibson,44,M,NV,Independent,keith.gibson@email.com,2009-12-28,2024-11-05,5/27/2023 22:34:50
VOT1442,Julie,McDonald,31,F,CT,Democrat,julie.mcdonald@email.com,2017-05-10,2024-11-05,4/24/2024 5:15:13
VOT1443,Carl,Cruz,46,M,NJ,Republican,carl.cruz@email.com,2008-09-22,2020-11-03,2/16/2023 22:56:51
VOT1444,Teresa,Marshall,41,F,IN,Independent,teresa.marshall@email.com,2010-02-05,2024-11-05,7/11/2023 10:32:24
VOT1445,Lawrence,Owens,37,M,WI,Democrat,,2013-06-18,2024-11-05,5/20/2023 19:15:05
VOT1446,Gloria,Johnston,50,F,SC,Republican,gloria.johnston@email.com,2004-10-30,2022-11-08,5/22/2025 16:31:15
VOT1447,Ralph,Murray,33,M,AL,Independent,ralph.murray@email.com,2016-03-15,2024-11-05,2/7/2025 10:16:53
VOT1448,Alice,Freeman,48,F,LA,Democrat,alice.freeman@email.com,2007-07-25,2024-11-05,4/3/2025 21:16:11
VOT1449,Juan,Wells,42,M,KY,Republican,juan.wells@email.com,2010-12-08,2024-11-05,8/11/2024 8:06:30
VOT145,Lucas,Hunter,39,M,AK,Independent,lucas.hunter@email.com,2011-09-12,2022-11-08,7/10/2024 16:10:24
VOT1450,Donna,Webb,55,F,,Independent,donna.webb@email.com,2001-04-20,2020-11-03,3/27/2023 14:38:19
VOT1451,Ryan,Simpson,39,M,AR,Democrat,ryan.simpson@email.com,2011-08-05,2024-11-05,6/24/2025 21:22:47
VOT1452,Brenda,Stevens,28,F,IA,Republican,brenda.stevens@email.com,2019-01-18,2024-11-05,7/10/2023 2:18:13
VOT1453,Scott,Tucker,47,M,MS,Independent,scott.tucker@email.com,2007-05-30,2022-11-08,8/28/2023 4:41:06
VOT1454,Barbara,Porter,44,F,UT,Democrat,barbara.porter@email.com,2009-10-12,2024-11-05,8/16/2023 12:41:54
VOT1455,Wayne,Hunter,36,M,KS,Republican,wayne.hunter@email.com,2013-02-25,2024-11-05,6/1/2025 3:48:03
VOT1456,Nancy,Hicks,60,F,NE,Independent,nancy.hicks@email.com,1998-07-08,2024-11-05,11/1/2023 6:09:50
VOT1457,Jerry,Crawford,43,M,NM,Democrat,jerry.crawford@email.com,2009-11-20,2020-11-03,8/9/2025 7:59:23
VOT1458,Helen,Henry,38,F,WV,Republican,helen.henry@email.com,2012-04-02,2024-11-05,2/9/2024 22:14:36
VOT1459,Eugene,Boyd,52,M,ID,Independent,eugene.boyd@email.com,2004-08-15,2024-11-05,5/26/2023 2:52:07
VOT146,Luna,Hicks,47,F,VT,Democrat,luna.hicks@email.com,2007-02-05,2024-11-05,5/16/2025 17:36:41
VOT1460,Mary,Mason,30,F,HI,Democrat,mary.mason@email.com,2018-12-28,2022-11-08,9/21/2023 17:43:47
VOT1461,Douglas,Morales,49,M,NH,Republican,douglas.morales@email.com,2006-05-10,2024-11-05,1/9/2025 18:30:58
VOT1462,Linda,Kennedy,45,F,ME,Independent,linda.kennedy@email.com,2008-09-22,2024-11-05,8/23/2023 6:02:07
VOT1463,Randy,Warren,34,M,RI,Democrat,randy.warren@email.com,2015-02-05,2024-11-05,3/15/2025 14:56:49
VOT1464,Sarah,Dixon,56,F,MT,Republican,sarah.dixon@email.com,2000-06-18,2020-11-03,5/28/2025 8:47:52
VOT1465,Howard,Ramos,41,M,DE,Independent,howard.ramos@email.com,2010-10-30,2024-11-05,7/14/2025 13:40:16
VOT1466,Betty,Reyes,37,F,SD,Democrat,betty.reyes@email.com,2013-03-15,2024-11-05,2/24/2025 17:21:30
VOT1467,Billy,Burns,48,M,ND,Republican,billy.burns@email.com,2007-07-25,2022-11-08,9/13/2023 16:57:56
VOT1468,Christine,Gordon,35,F,AK,Independent,christine.gordon@email.com,2014-12-08,2024-11-05,3/12/2024 10:38:18
VOT1469,Ronald,Shaw,58,M,VT,Democrat,ronald.shaw@email.com,2002-04-20,2024-11-05,10/18/2023 19:17:42
VOT147,Henry,Crawford,54,M,WY,Republican,henry.crawford@email.com,2001-06-20,2024-11-05,8/2/2024 0:14:00
VOT1470,Jessica,Holmes,42,F,WY,Republican,jessica.holmes@email.com,2010-08-05,2024-11-05,8/1/2023 23:22:19
VOT1471,Kenneth,Rice,31,M,CA,Independent,kenneth.rice@email.com,2017-01-18,2020-11-03,5/12/2025 22:46:54
VOT1472,Maria,Robertson,54,F,TX,Democrat,maria.robertson@email.com,2001-05-30,2024-11-05,12/16/2023 1:57:36
VOT1473,Donald,Hunt,46,M,FL,Republican,donald.hunt@email.com,2008-10-12,2024-11-05,11/24/2024 8:50:35
VOT1474,Sharon,Black,33,F,NY,Independent,sharon.black@email.com,2016-02-25,2022-11-08,10/9/2023 8:27:52
VOT1475,Frank,Daniels,51,M,PA,Democrat,frank.daniels@email.com,2004-07-08,2024-11-05,1/3/2025 3:04:23
VOT1476,Carol,Palmer,39,F,IL,Republican,carol.palmer@email.com,2011-11-20,2024-11-05,4/10/2024 19:46:52
VOT1477,Larry,Mills,44,M,OH,Independent,larry.mills@email.com,2009-04-02,2024-11-05,6/23/2023 7:47:19
VOT1478,Sandra,Nichols,59,F,MI,Democrat,sandra.nichols@email.com,1999-08-15,2020-11-03,2/27/2024 3:03:27
VOT1479,Edward,Grant,36,M,NC,Republican,edward.grant@email.com,2013-12-28,2024-11-05,11/29/2024 19:04:23
VOT148,Chloe,Henry,31,F,CA,Independent,chloe.henry@email.com,2017-10-28,2024-11-05,4/28/2025 13:56:44
VOT1480,Laura,Knight,47,F,GA,Independent,laura.knight@email.com,2007-05-10,2024-11-05,9/4/2023 13:22:22
VOT1481,Mark,Ferguson,40,M,VA,Democrat,mark.ferguson@email.com,2012-09-22,2022-11-08,3/8/2023 17:36:38
VOT1482,Joyce,Rose,32,F,WA,Republican,joyce.rose@email.com,2016-02-05,2024-11-05,7/10/2024 11:05:33
VOT1483,Raymond,Stone,53,M,AZ,Independent,raymond.stone@email.com,2003-06-18,2024-11-05,4/2/2023 7:11:00
VOT1484,Deborah,Hawkins,45,F,MA,Democrat,deborah.hawkins@email.com,2008-10-30,2024-11-05,7/6/2023 20:00:12
VOT1485,George,Dunn,29,M,TN,Republican,george.dunn@email.com,2018-03-15,2020-11-03,7/13/2025 21:31:55
VOT1486,Patricia,Sims,48,F,MO,Independent,patricia.sims@email.com,2007-07-25,2024-11-05,8/11/2025 13:19:49
VOT1487,Roger,Hudson,43,M,MD,Democrat,roger.hudson@email.com,2009-12-08,2024-11-05,2/8/2023 3:08:49
VOT1488,Kimberly,Spencer,38,F,CO,Republican,kimberly.spencer@email.com,2012-04-20,2022-11-08,12/13/2023 21:11:12
VOT1489,Arthur,Gardner,61,M,OR,Independent,arthur.gardner@email.com,1995-08-05,2024-11-05,8/9/2024 7:37:37
VOT149,Sebastian,Boyd,44,M,TX,Democrat,sebastian.boyd@email.com,2009-03-15,2020-11-03,5/3/2024 5:35:22
VOT1490,Ruth,Stephens,34,F,NV,Democrat,ruth.stephens@email.com,2015-01-18,2024-11-05,2/12/2025 14:40:11
VOT1491,Joseph,Payne,50,M,CT,Republican,joseph.payne@email.com,2004-05-30,2024-11-05,4/27/2025 8:34:44
VOT1492,Margaret,Pierce,41,F,NJ,Independent,margaret.pierce@email.com,2010-10-12,2020-11-03,9/26/2023 8:39:34
VOT1493,Fred,Berry,37,M,IN,Democrat,fred.berry@email.com,2013-02-25,2024-11-05,12/13/2024 14:01:57
VOT1494,Carolyn,Arnold,56,F,WI,Republican,carolyn.arnold@email.com,2000-07-08,2024-11-05,8/13/2025 6:52:19
VOT1495,Richard,Reynolds,44,M,SC,Independent,richard.reynolds@email.com,2009-11-20,2022-11-08,8/9/2023 6:33:50
VOT1496,Janet,Ellis,35,F,AL,Democrat,janet.ellis@email.com,2014-04-02,2024-11-05,9/24/2024 10:59:35
VOT1497,Timothy,Harrison,52,M,LA,Republican,timothy.harrison@email.com,2004-08-15,2024-11-05,6/21/2024 5:26:52
VOT1498,Pamela,Gibson,30,F,KY,Independent,pamela.gibson@email.com,2018-12-28,2024-11-05,4/3/2024 3:04:54
VOT1499,Albert,McDonald,46,M,OK,Democrat,albert.mcdonald@email.com,2008-05-10,2020-11-03,6/11/2024 13:49:37
VOT150,Ella,Mason,36,F,FL,Republican,ella.mason@email.com,2013-07-22,2024-11-05,2/20/2025 4:17:05
VOT1500,Virginia,Cruz,42,F,AR,Republican,virginia.cruz@email.com,2010-09-22,2024-11-05,4/9/2025 13:29:52
VOT1501,Jeremy,Marshall,38,M,IA,Independent,jeremy.marshall@email.com,2012-02-05,2024-11-05,6/10/2024 7:32:30
VOT1502,Frances,Owens,55,F,MS,Democrat,frances.owens@email.com,2001-06-18,2022-11-08,12/19/2023 17:23:35
VOT1503,Phillip,Johnston,31,M,UT,Republican,phillip.johnston@email.com,2017-10-30,2024-11-05,6/9/2023 4:11:48
VOT1504,Susan,Murray,49,F,KS,Independent,susan.murray@email.com,2006-03-15,2024-11-05,8/14/2023 5:24:55
VOT1505,Louis,Freeman,43,M,NE,Democrat,louis.freeman@email.com,2009-07-25,2024-11-05,4/21/2025 4:52:04
VOT1506,Dorothy,Wells,36,F,NM,Republican,dorothy.wells@email.com,2013-12-08,2020-11-03,7/30/2023 10:35:54
VOT1507,Patrick,Webb,60,M,WV,Independent,patrick.webb@email.com,1998-04-20,2024-11-05,3/16/2024 11:05:43
VOT1508,Rose,Simpson,40,F,ID,Democrat,rose.simpson@email.com,2012-08-05,2024-11-05,5/6/2024 11:36:57
VOT1509,Willie,Stevens,47,M,HI,Republican,willie.stevens@email.com,2007-01-18,2022-11-08,7/11/2025 14:13:56
VOT151,Jackson,Morales,58,M,NY,Independent,jackson.morales@email.com,2002-11-10,2024-11-05,11/18/2023 0:27:46
VOT1510,Katherine,Tucker,33,F,NH,Independent,katherine.tucker@email.com,2016-05-30,2024-11-05,3/4/2025 17:42:28
VOT1511,Terry,Porter,54,M,ME,Democrat,terry.porter@email.com,2001-10-12,2024-11-05,2/11/2023 14:41:55
VOT1512,Amy,Hunter,45,F,RI,Republican,amy.hunter@email.com,2008-02-25,2024-11-05,4/19/2025 14:14:06
VOT1513,Harold,Hicks,39,M,MT,Independent,harold.hicks@email.com,2011-07-08,2020-11-03,6/24/2023 19:55:59
VOT1514,Christine,Crawford,51,F,DE,Democrat,christine.crawford@email.com,2004-11-20,,10/30/2024 16:42:12
VOT1515,Gerald,Henry,28,M,SD,Republican,gerald.henry@email.com,2019-04-02,2024-11-05,9/21/2023 12:18:02
VOT1516,Debra,Boyd,44,F,ND,Independent,debra.boyd@email.com,2009-08-15,2022-11-08,1/27/2024 16:26:13
VOT1517,Arthur,Mason,37,M,AK,Democrat,arthur.mason@email.com,2013-12-28,2024-11-05,3/5/2025 22:28:02
VOT1518,Jean,Morales,58,F,VT,Republican,jean.morales@email.com,2002-05-10,2024-11-05,3/24/2023 13:10:08
VOT1519,Bryan,Kennedy,41,M,WY,Independent,bryan.kennedy@email.com,2010-09-22,2024-11-05,4/17/2025 2:16:30
VOT152,Grace,Kennedy,42,F,PA,Democrat,grace.kennedy@email.com,2010-04-25,2022-11-08,1/17/2023 19:31:14
VOT1520,Kathryn,Warren,32,F,CA,Democrat,kathryn.warren@email.com,2016-02-05,2020-11-03,4/26/2023 22:25:28
VOT1521,Austin,Dixon,48,M,TX,Republican,austin.dixon@email.com,2007-06-18,2024-11-05,11/23/2023 4:56:50
VOT1522,Denise,Ramos,40,F,FL,Independent,denise.ramos@email.com,2012-10-30,2024-11-05,2/4/2024 4:39:45
VOT1523,Willie,Reyes,35,M,NY,Democrat,willie.reyes@email.com,2014-03-15,2022-11-08,5/15/2023 14:02:49
VOT1524,Rachel,Burns,56,F,PA,Republican,rachel.burns@email.com,2000-07-25,2024-11-05,3/4/2024 10:44:02
VOT1525,Aaron,Gordon,43,M,IL,Independent,aaron.gordon@email.com,2009-12-08,2024-11-05,3/27/2024 19:48:21
VOT1526,Judy,Shaw,30,F,OH,Democrat,judy.shaw@email.com,2018-04-20,2024-11-05,11/13/2024 0:55:24
VOT1527,Jonathan,Holmes,52,M,MI,Republican,jonathan.holmes@email.com,2004-08-05,2020-11-03,1/17/2025 21:46:51
VOT1528,Carolyn,Rice,46,F,NC,Independent,carolyn.rice@email.com,2008-01-18,2024-11-05,9/13/2023 21:18:27
VOT1529,Eugene,Robertson,36,M,GA,Democrat,eugene.robertson@email.com,2013-05-30,2024-11-05,1/6/2025 16:24:32
VOT153,Aiden,Warren,30,M,IL,Republican,aiden.warren@email.com,2018-08-05,2024-11-05,1/20/2025 12:53:58
VOT1530,Sara,Hunt,49,F,VA,Republican,sara.hunt@email.com,2006-10-12,2022-11-08,2/21/2024 15:32:56
VOT1531,Arthur,Black,34,M,WA,Independent,arthur.black@email.com,2015-02-25,2024-11-05,4/8/2025 9:40:06
VOT1532,Madison,Daniels,61,F,Arizona,Democrat,madison.daniels@email.com,1995-07-08,2024-11-05,7/16/2023 14:03:18
VOT1533,Gabriel,Palmer,44,M,MA,Republican,gabriel.palmer@email.com,2009-11-20,2024-11-05,2/2/2024 21:58:29
VOT1534,Samantha,Mills,38,F,TN,Independent,samantha.mills@email.com,2012-04-02,2020-11-03,4/16/2025 3:36:02
VOT1535,Albert,Nichols,53,M,MO,Democrat,albert.nichols@email.com,2003-08-15,2024-11-05,2/5/2023 3:15:42
VOT1536,Patricia,Grant,29,F,MD,Republican,patricia.grant@email.com,2018-12-28,2024-11-05,3/20/2025 6:09:16
VOT1537,Terry,,47,M,CO,Independent,terry.knight@email.com,2007-05-10,2022-11-08,4/6/2025 10:54:15
VOT1538,Amy,Ferguson,41,F,OR,Democrat,amy.ferguson@email.com,2010-09-22,2024-11-05,2/17/2023 16:26:37
VOT1539,Willie,Rose,35,M,NV,Republican,willie.rose@email.com,2014-02-05,2024-11-05,7/15/2024 4:55:02
VOT154,Sofia,Dixon,49,F,OH,Independent,sofia.dixon@email.com,2006-01-20,2024-11-05,6/12/2023 10:24:44
VOT1540,Diana,Stone,50,F,CT,Independent,diana.stone@email.com,2004-06-18,2024-11-05,11/20/2024 8:46:44
VOT1541,Gerald,Hawkins,39,M,NJ,Democrat,gerald.hawkins@email.com,2011-10-30,2020-11-03,4/17/2024 4:07:06
VOT1542,Kelly,Dunn,45,F,IN,Republican,kelly.dunn@email.com,2008-03-15,2024-11-05,1/2/2025 0:56:03
VOT1543,Peter,Sims,58,M,WI,Independent,peter.sims@email.com,2002-07-25,2024-11-05,10/15/2023 14:41:18
VOT1544,Frances,Hudson,,F,SC,Democrat,frances.hudson@email.com,2016-12-08,2022-11-08,4/18/2024 1:35:39
VOT1545,Harold,Spencer,46,M,AL,Republican,harold.spencer@email.com,2008-04-20,2024-11-05,11/30/2024 17:52:56
VOT1546,Judith,Gardner,40,F,LA,Independent,judith.gardner@email.com,2012-08-05,2024-11-05,5/29/2023 23:15:08
VOT1547,Benjamin,Stephens,37,M,KY,Democrat,benjamin.stephens@email.com,2013-01-18,2024-11-05,9/24/2023 15:29:54
VOT1548,Lauren,Payne,55,F,OK,Republican,lauren.payne@email.com,2001-05-30,2020-11-03,6/11/2023 8:53:38
VOT1549,Keith,Pierce,31,M,AR,Independent,keith.pierce@email.com,2017-10-12,2024-11-05,8/31/2024 0:16:26
VOT155,Carter,Ramos,35,M,MI,Democrat,carter.ramos@email.com,2014-05-30,2024-11-05,2/14/2025 5:11:00
VOT1550,Julie,Berry,48,F,IA,Democrat,julie.berry@email.com,2007-02-25,2024-11-05,5/18/2025 16:07:50
VOT1551,Carl,Arnold,42,M,MS,Republican,carl.arnold@email.com,2010-07-08,2022-11-08,11/28/2024 8:57:23
VOT1552,Teresa,Reynolds,33,F,UT,Independent,teresa.reynolds@email.com,2016-11-20,2024-11-05,7/27/2025 1:31:20
VOT1553,Lawrence,Ellis,54,M,KS,Democrat,lawrence.ellis@email.com,2001-04-02,2024-11-05,1/23/2023 16:10:11
VOT1554,Gloria,Harrison,39,F,NE,Republican,gloria.harrison@email.com,2011-08-15,2024-11-05,8/24/2025 1:20:36
VOT1555,Ralph,Gibson,47,M,NM,Independent,ralph.gibson@email.com,2007-12-28,2020-11-03,6/21/2024 0:59:27
VOT1556,Alice,McDonald,60,F,WV,Democrat,alice.mcdonald@email.com,1998-05-10,2024-11-05,3/30/2023 14:16:22
VOT1557,Juan,Cruz,36,M,ID,Republican,juan.cruz@email.com,2013-09-22,2024-11-05,4/12/2025 3:02:14
VOT1558,Donna,Marshall,43,F,HI,Independent,donna.marshall@email.com,2009-02-05,2022-11-08,4/21/2025 7:36:40
VOT1559,Ryan,Owens,51,M,NH,Democrat,ryan.owens@email.com,2004-06-18,2024-11-05,9/2/2023 18:48:52
VOT156,Scarlett,Reyes,51,F,NC,Republican,scarlett.reyes@email.com,2004-09-15,2020-11-03,8/2/2025 16:35:59
VOT1560,Brenda,Johnston,38,F,ME,Republican,brenda.johnston@email.com,2012-10-30,2024-11-05,11/14/2024 19:12:46
VOT1561,Scott,Murray,29,M,RI,Independent,scott.murray@email.com,2018-03-15,2024-11-05,3/4/2024 5:53:31
VOT1562,Barbara,Freeman,49,F,MT,Democrat,,2006-07-25,2020-11-03,3/19/2023 12:28:42
VOT1563,Wayne,Wells,44,M,DE,Republican,wayne.wells@email.com,2009-12-08,2024-11-05,2/8/2025 3:16:07
VOT1564,Nancy,Webb,34,F,SD,Independent,nancy.webb@email.com,2015-04-20,2024-11-05,9/25/2024 9:22:30
VOT1565,Jerry,Simpson,52,M,ND,Democrat,jerry.simpson@email.com,2004-08-05,2022-11-08,9/28/2023 15:52:53
VOT1566,Helen,Stevens,45,F,AK,Republican,helen.stevens@email.com,2008-01-18,2024-11-05,4/27/2023 0:18:39
VOT1567,Eugene,Tucker,40,M,VT,Independent,eugene.tucker@email.com,2012-05-30,2024-11-05,5/1/2025 7:13:26
VOT1568,Mary,Porter,57,F,WY,Democrat,,2000-10-12,2024-11-05,11/19/2024 23:00:29
VOT1569,Douglas,Hunter,30,M,CA,Republican,douglas.hunter@email.com,2018-02-25,2020-11-03,7/8/2024 12:43:26
VOT157,Jayden,Burns,26,M,GA,Independent,jayden.burns@email.com,2020-02-10,2024-11-05,2/25/2023 11:50:48
VOT1570,Linda,Hicks,46,F,TX,Independent,linda.hicks@email.com,2008-07-08,2024-11-05,10/19/2024 23:15:57
VOT1571,Randy,Crawford,41,M,FL,Democrat,randy.crawford@email.com,2010-11-20,2024-11-05,11/13/2024 8:19:25
VOT1572,Sarah,Henry,35,F,NY,Republican,sarah.henry@email.com,2014-04-02,2022-11-08,10/21/2024 9:08:51
VOT1573,Howard,Boyd,58,M,PA,Independent,howard.boyd@email.com,2002-08-15,2024-11-05,7/3/2025 20:06:42
VOT1574,Betty,Mason,38,F,IL,Democrat,betty.mason@email.com,2012-12-28,2024-11-05,1/17/2023 15:53:15
VOT1575,Billy,Morales,48,M,OH,Republican,billy.morales@email.com,2007-05-10,2024-11-05,1/18/2025 0:01:29
VOT1576,Christine,Kennedy,32,F,MI,Independent,christine.kennedy@email.com,2016-09-22,2020-11-03,6/8/2025 5:59:46
VOT1577,Ronald,Warren,50,M,NC,Democrat,ronald.warren@email.com,2004-02-05,2024-11-05,2/13/2024 19:43:50
VOT1578,Jessica,Dixon,43,F,GA,Republican,jessica.dixon@email.com,2009-06-18,2024-11-05,6/20/2025 7:14:26
VOT1579,Kenneth,Ramos,37,M,VA,Independent,kenneth.ramos@email.com,2013-10-30,2022-11-08,7/30/2024 8:22:32
VOT158,Lily,Gordon,63,F,VA,Democrat,lily.gordon@email.com,1993-06-25,2024-11-05,7/9/2024 14:07:14
VOT1580,Maria,Reyes,61,F,WA,Democrat,maria.reyes@email.com,1995-03-15,2024-11-05,11/29/2023 5:19:39
VOT1581,Donald,Burns,39,M,AZ,Republican,donald.burns@email.com,2011-07-25,2024-11-05,10/2/2024 7:11:51
VOT1582,Sharon,Gordon,45,F,MA,Independent,sharon.gordon@email.com,2008-12-08,2024-11-05,2/24/2025 3:03:01
VOT1583,Frank,Shaw,55,M,TN,Democrat,frank.shaw@email.com,2001-04-20,2020-11-03,2/24/2024 20:36:12
VOT1584,Carol,Holmes,31,F,MO,Republican,carol.holmes@email.com,2017-08-05,2024-11-05,10/6/2024 18:41:18
VOT1585,Larry,Rice,47,M,MD,Independent,larry.rice@email.com,2007-01-18,2024-11-05,3/5/2025 9:28:49
VOT1586,Sandra,Robertson,42,F,CO,Democrat,sandra.robertson@email.com,2010-05-30,2022-11-08,9/30/2023 7:13:30
VOT1587,Edward,Hunt,36,M,OR,Republican,edward.hunt@email.com,2013-10-12,2024-11-05,8/29/2023 18:17:06
VOT1588,Laura,Black,54,F,NV,Independent,laura.black@email.com,2001-02-25,2024-11-05,2/12/2023 7:09:10
VOT1589,Mark,Daniels,40,M,CT,Democrat,mark.daniels@email.com,2012-07-08,2024-11-05,9/6/2024 19:49:25
VOT159,Grayson,Shaw,40,M,WA,Republican,grayson.shaw@email.com,2012-10-12,2022-11-08,6/10/2023 11:23:09
VOT1590,Joyce,Palmer,28,F,NJ,Republican,joyce.palmer@email.com,2019-11-20,2020-11-03,6/26/2025 7:33:20
VOT1591,Raymond,Mills,49,M,IN,Independent,raymond.mills@email.com,2006-04-02,2024-11-05,10/14/2024 9:42:14
VOT1592,Deborah,Nichols,44,F,WI,Democrat,deborah.nichols@email.com,2009-08-15,2024-11-05,2/20/2025 16:08:30
VOT1593,George,Grant,38,M,SC,Republican,george.grant@email.com,2012-12-28,2022-11-08,6/2/2025 22:19:14
VOT1594,Patricia,Knight,59,F,AL,Independent,patricia.knight@email.com,1999-05-10,2024-11-05,2/28/2024 5:23:16
VOT1595,Roger,Ferguson,33,M,LA,Democrat,roger.ferguson@email.com,2016-09-22,2024-11-05,2/23/2023 17:13:36
VOT1596,Kimberly,Rose,46,F,KY,Republican,kimberly.rose@email.com,2008-02-05,2024-11-05,4/18/2024 10:39:59
VOT1597,Arthur,Stone,52,M,OK,Independent,arthur.stone@email.com,2004-06-18,2020-11-03,9/12/2024 16:45:34
VOT1598,Ruth,Hawkins,41,F,AR,Independent,ruth.hawkins@email.com,2003-10-21,2020-11-03,7/13/2024 6:34:31
VOT160,Zoey,Holmes,46,F,AZ,Independent,zoey.holmes@email.com,2008-03-28,2024-11-05,7/4/2025 11:24:12
VOT161,Jack,Rice,37,M,MA,Democrat,jack.rice@email.com,2013-07-15,2024-11-05,11/3/2023 6:01:41
VOT162,Layla,Robertson,53,F,TN,Republican,layla.robertson@email.com,2003-12-05,2024-11-05,9/6/2024 7:08:24
VOT163,Owen,Hunt,28,M,MO,Independent,owen.hunt@email.com,2019-04-20,2020-11-03,9/23/2023 16:08:42
VOT164,Riley,Black,61,F,MD,Democrat,riley.black@email.com,1995-08-10,2024-11-05,6/5/2024 20:42:37
VOT165,Luke,Daniels,45,M,CO,Republican,luke.daniels@email.com,2008-01-25,2024-11-05,6/24/2024 3:14:38
VOT166,Nora,Palmer,32,F,OR,Independent,nora.palmer@email.com,2016-06-08,2022-11-08,12/21/2024 0:57:32
VOT167,Wyatt,Mills,48,M,NV,Democrat,wyatt.mills@email.com,2007-10-30,2024-11-05,7/25/2025 13:54:55
VOT168,Hannah,Nichols,39,F,CT,Republican,hannah.nichols@email.com,2011-03-15,2024-11-05,11/7/2024 13:59:36
VOT169,Gabriel,Grant,55,M,NJ,Independent,gabriel.grant@email.com,2001-07-22,2024-11-05,1/2/2025 9:35:09
VOT170,Addison,Knight,34,F,IN,Democrat,addison.knight@email.com,2015-11-05,2020-11-03,8/21/2025 1:10:56
VOT171,Leo,Ferguson,50,M,WI,Republican,leo.ferguson@email.com,2004-04-18,2024-11-05,5/11/2023 6:09:59
VOT172,Eleanor,Rose,41,F,SC,Independent,eleanor.rose@email.com,2010-08-25,2024-11-05,2/12/2025 10:04:56
VOT173,John,Stone,29,M,AL,Democrat,john.stone@email.com,2018-12-10,2022-11-08,5/1/2024 0:17:47
VOT174,Penelope,Hawkins,57,F,LA,Republican,penelope.hawkins@email.com,2000-05-15,2024-11-05,1/18/2025 9:11:01
VOT175,Lincoln,Dunn,43,M,KY,Independent,lincoln.dunn@email.com,2009-09-28,2024-11-05,10/15/2023 13:23:30
VOT176,Hazel,Sims,36,F,OK,Democrat,hazel.sims@email.com,2013-02-12,2024-11-05,1/16/2024 19:55:02
VOT177,Ryan,Hudson,52,M,AR,Republican,ryan.hudson@email.com,2004-06-30,2020-11-03,6/27/2023 10:07:05
VOT178,Aurora,Spencer,38,F,IA,Independent,aurora.spencer@email.com,2012-11-15,2024-11-05,9/19/2023 21:40:37
VOT179,Theodore,Gardner,47,M,MS,Democrat,theodore.gardner@email.com,2007-04-05,2024-11-05,1/20/2025 17:06:03
VOT180,Violet,Stephens,33,F,UT,Republican,violet.stephens@email.com,2016-08-20,2022-11-08,7/3/2025 19:39:22
VOT1801,Larry,Boyd,39,M,WV,Independent,larry.boyd@email.com,2011-08-15,2022-11-08,2/22/2025 8:36:38
VOT1802,Sandra,Mason,61,F,ID,Democrat,sandra.mason@email.com,1995-12-28,2024-11-05,4/29/2023 19:06:50
VOT1803,Edward,Morales,35,M,HI,Republican,edward.morales@email.com,2014-05-10,2024-11-05,5/20/2023 14:38:22
VOT1804,Laura,Kennedy,50,F,NH,Independent,laura.kennedy@email.com,2004-09-22,2024-11-05,5/8/2023 15:13:44
VOT1805,Mark,Warren,44,M,ME,Democrat,mark.warren@email.com,2009-02-05,2020-11-03,9/17/2023 11:13:06
VOT1806,Joyce,Dixon,28,F,RI,Republican,joyce.dixon@email.com,2019-06-18,2024-11-05,1/24/2024 21:00:52
VOT1807,Raymond,Ramos,47,M,MT,Independent,raymond.ramos@email.com,2007-10-30,2024-11-05,10/10/2023 0:59:57
VOT1808,Deborah,Reyes,42,F,DE,Democrat,deborah.reyes@email.com,2010-03-15,2022-11-08,10/8/2024 0:48:44
VOT1809,George,Burns,36,M,SD,Republican,george.burns@email.com,2013-07-25,2024-11-05,12/7/2024 20:03:44
VOT181,Ezra,Payne,60,M,KS,Independent,ezra.payne@email.com,1998-12-12,2024-11-05,1/18/2024 1:41:59
VOT1810,Patricia,Gordon,55,F,ND,Independent,patricia.gordon@email.com,2001-12-08,2024-11-05,9/9/2023 14:34:58
VOT1811,Roger,Shaw,38,M,AK,Democrat,roger.shaw@email.com,2012-04-20,2024-11-05,3/23/2024 3:41:13
VOT1812,Kimberly,Holmes,48,F,VT,Republican,kimberly.holmes@email.com,2007-08-05,2020-11-03,4/20/2025 18:25:21
VOT1813,Arthur,Rice,53,M,WY,Independent,arthur.rice@email.com,2003-01-18,2024-11-05,4/30/2025 17:53:41
VOT1814,Ruth,Robertson,30,F,CA,Democrat,ruth.robertson@email.com,2018-05-30,2024-11-05,4/2/2024 5:53:43
VOT1815,Joseph,Hunt,46,M,TX,Republican,joseph.hunt@email.com,2008-10-12,2022-11-08,10/25/2024 5:57:11
VOT1816,Margaret,Black,,F,FL,Independent,margaret.black@email.com,2010-02-25,2024-11-05,7/22/2023 8:52:42
VOT1817,Fred,Daniels,37,M,NY,Democrat,fred.daniels@email.com,2013-07-08,2024-11-05,12/9/2024 17:40:11
VOT1818,Carolyn,Palmer,60,F,PA,Republican,carolyn.palmer@email.com,1998-11-20,2024-11-05,8/30/2025 14:07:40
VOT1819,Richard,Mills,32,M,IL,Independent,richard.mills@email.com,2016-04-02,2020-11-03,2/20/2023 19:34:01
VOT182,Nova,Pierce,44,F,NE,Democrat,nova.pierce@email.com,2009-05-25,2024-11-05,4/20/2025 19:04:49
VOT1820,Janet,Nichols,45,F,OH,Democrat,janet.nichols@email.com,2008-08-15,2024-11-05,6/17/2023 6:11:34
VOT1821,Timothy,Grant,40,M,MI,Republican,timothy.grant@email.com,2012-12-28,2024-11-05,5/23/2025 14:36:25
VOT1822,Pamela,Knight,34,F,NC,Independent,pamela.knight@email.com,2015-05-10,2022-11-08,10/27/2023 21:10:20
VOT1823,Albert,Ferguson,58,M,GA,Democrat,albert.ferguson@email.com,2002-09-22,2024-11-05,8/27/2023 5:06:57
VOT1824,Virginia,Rose,29,F,VA,Republican,virginia.rose@email.com,2018-02-05,2024-11-05,7/19/2025 1:45:20
VOT1825,Jeremy,Stone,49,M,WA,Independent,jeremy.stone@email.com,2006-06-18,2024-11-05,3/12/2025 6:04:20
VOT1826,Frances,Hawkins,43,F,AZ,Democrat,frances.hawkins@email.com,2009-10-30,2020-11-03,3/5/2025 11:11:30
VOT1827,Phillip,Dunn,36,M,MA,Republican,phillip.dunn@email.com,2013-03-15,2024-11-05,11/30/2024 20:26:39
VOT1828,Susan,Sims,51,F,TN,Independent,susan.sims@email.com,2004-07-25,2024-11-05,8/7/2023 13:32:47
VOT1829,Louis,Hudson,47,M,MO,Democrat,louis.hudson@email.com,2007-12-08,2022-11-08,3/9/2024 0:45:22
VOT183,Asher,Berry,31,M,NM,Republican,asher.berry@email.com,2017-09-08,2024-11-05,10/24/2024 11:38:50
VOT1830,Dorothy,Spencer,31,F,MD,Republican,dorothy.spencer@email.com,2017-04-20,2024-11-05,7/21/2023 16:21:44
VOT1831,Patrick,Gardner,44,M,CO,Independent,patrick.gardner@email.com,2009-08-05,2024-11-05,8/26/2025 14:38:17
VOT1832,Rose,Stephens,40,F,OR,Democrat,rose.stephens@email.com,2012-01-18,2024-11-05,12/27/2023 18:13:59
VOT1833,Willie,Payne,59,M,NV,Republican,willie.payne@email.com,1999-05-30,2020-11-03,4/18/2025 15:10:55
VOT1834,Katherine,Pierce,35,F,CT,Independent,katherine.pierce@email.com,2014-10-12,2024-11-05,6/28/2023 13:58:41
VOT1835,Terry,Berry,48,M,NJ,Democrat,terry.berry@email.com,2007-02-25,2024-11-05,1/2/2024 9:39:29
VOT1836,Amy,Arnold,54,F,IN,Republican,amy.arnold@email.com,2001-07-08,2022-11-08,7/20/2024 22:00:19
VOT1837,Harold,Reynolds,33,M,WI,Independent,harold.reynolds@email.com,2016-11-20,2024-11-05,5/4/2023 23:44:49
VOT1838,Christine,Ellis,46,F,SC,Democrat,christine.ellis@email.com,2008-04-02,2024-11-05,8/23/2024 1:39:08
VOT1839,Gerald,Harrison,42,M,AL,Republican,gerald.harrison@email.com,2010-08-15,2024-11-05,1/15/2023 14:36:39
VOT184,Savannah,Arnold,49,F,WV,Independent,savannah.arnold@email.com,2006-02-15,2020-11-03,8/27/2024 7:47:44
VOT1840,Debra,Gibson,38,F,LA,Independent,debra.gibson@email.com,2012-12-28,2020-11-03,5/13/2025 9:25:30
VOT1841,Arthur,McDonald,55,M,KY,Democrat,arthur.mcdonald@email.com,2001-05-10,2024-11-05,1/10/2025 21:53:03
VOT1842,Jean,Cruz,30,F,OK,Republican,jean.cruz@email.com,2018-09-22,2024-11-05,1/10/2024 12:19:14
VOT1843,Bryan,Marshall,50,M,AR,Independent,bryan.marshall@email.com,2004-02-05,2022-11-08,1/6/2023 2:30:55
VOT1844,Kathryn,Owens,45,F,IA,Democrat,kathryn.owens@email.com,2008-06-18,2024-11-05,6/28/2023 19:51:37
VOT1845,Austin,Johnston,39,M,MS,Republican,austin.johnston@email.com,2011-10-30,2024-11-05,5/18/2025 5:36:16
VOT1846,Denise,Murray,61,F,UT,Independent,denise.murray@email.com,1995-03-15,2024-11-05,5/14/2025 0:57:48
VOT1847,Willie,Freeman,41,M,KS,Democrat,willie.freeman@email.com,2010-07-25,2020-11-03,9/9/2024 2:52:40
VOT1848,Rachel,Wells,34,F,NE,Republican,rachel.wells@email.com,2015-12-08,2024-11-05,3/12/2024 8:45:38
VOT1849,Aaron,Webb,52,M,NM,Independent,aaron.webb@email.com,2004-04-20,2024-11-05,12/11/2023 21:50:57
VOT185,Hudson,Reynolds,26,M,ID,Democrat,hudson.reynolds@email.com,2020-06-30,2024-11-05,6/22/2025 19:09:26
VOT1850,Judy,Simpson,37,F,WV,Democrat,judy.simpson@email.com,2013-08-05,2022-11-08,4/29/2023 8:37:16
VOT1851,Jonathan,Stevens,46,M,ID,Republican,jonathan.stevens@email.com,2008-01-18,2024-11-05,12/26/2024 9:56:33
VOT1852,Carolyn,Tucker,31,F,HI,Independent,carolyn.tucker@email.com,2017-05-30,2024-11-05,6/6/2024 8:46:38
VOT1853,Eugene,Porter,57,M,NH,Democrat,eugene.porter@email.com,2000-10-12,2024-11-05,1/5/2024 13:04:51
VOT1854,Sara,Hunter,43,F,ME,Republican,sara.hunter@email.com,2009-02-25,2020-11-03,1/4/2024 23:19:00
VOT1855,Arthur,Hicks,36,M,RI,Independent,arthur.hicks@email.com,2013-07-08,2024-11-05,9/3/2024 7:23:17
VOT1856,Madison,Crawford,48,F,MT,Democrat,madison.crawford@email.com,2007-11-20,2024-11-05,9/7/2024 2:00:30
VOT1857,Gabriel,Henry,60,M,DE,Republican,gabriel.henry@email.com,1998-04-02,2022-11-08,5/11/2023 17:05:02
VOT1858,Samantha,Boyd,29,F,SD,Independent,samantha.boyd@email.com,2018-08-15,2024-11-05,3/27/2025 21:43:30
VOT1859,Albert,Mason,44,M,ND,Democrat,albert.mason@email.com,2009-12-28,2024-11-05,4/23/2025 11:46:51
VOT186,Stella,Ellis,56,F,HI,Republican,stella.ellis@email.com,2000-10-18,2024-11-05,10/18/2023 10:14:30
VOT1860,Patricia,Morales,40,F,AK,Republican,patricia.morales@email.com,2012-05-10,2024-11-05,9/19/2024 21:15:58
VOT1861,Terry,Kennedy,35,M,VT,Independent,terry.kennedy@email.com,2014-09-22,2020-11-03,5/14/2023 8:40:17
VOT1862,Amy,Warren,53,F,WY,Democrat,amy.warren@email.com,2003-02-05,2024-11-05,8/3/2024 19:59:29
VOT1863,Willie,Dixon,47,M,CA,Republican,willie.dixon@email.com,2007-06-18,2024-11-05,7/30/2024 14:07:48
VOT1864,Diana,Ramos,38,F,TX,Independent,diana.ramos@email.com,2012-10-30,2022-11-08,9/16/2024 9:29:14
VOT1865,Gerald,Reyes,56,M,FL,Democrat,gerald.reyes@email.com,2000-03-15,2024-11-05,7/18/2023 12:24:38
VOT1866,Kelly,Burns,32,F,NY,Republican,kelly.burns@email.com,2016-07-25,2024-11-05,11/28/2024 19:58:44
VOT1867,Peter,Gordon,45,M,PA,Independent,peter.gordon@email.com,2008-12-08,2024-11-05,1/19/2025 18:22:30
VOT1868,Frances,Shaw,41,F,IL,Democrat,frances.shaw@email.com,2010-04-20,2020-11-03,3/28/2024 9:16:39
VOT1869,Harold,Holmes,37,M,OH,Republican,harold.holmes@email.com,2013-08-05,2024-11-05,8/27/2025 5:26:44
VOT187,Easton,Harrison,40,M,NH,Independent,easton.harrison@email.com,2012-03-05,,7/1/2024 17:34:53
VOT1870,Judith,Rice,50,F,MI,Independent,judith.rice@email.com,2004-01-18,2024-11-05,3/26/2025 21:00:56
VOT1871,Benjamin,Robertson,34,M,NC,Democrat,benjamin.robertson@email.com,2015-05-30,2022-11-08,10/1/2024 1:07:23
VOT1872,Lauren,Hunt,49,F,GA,Republican,lauren.hunt@email.com,2006-10-12,2024-11-05,1/6/2024 15:46:28
VOT1873,Keith,Black,42,M,VA,Independent,keith.black@email.com,2010-02-25,2024-11-05,6/7/2023 19:39:30
VOT1874,Julie,Daniels,58,F,WA,Democrat,julie.daniels@email.com,2002-07-08,2024-11-05,7/20/2025 9:52:20
VOT1875,Carl,Palmer,30,M,AZ,Republican,carl.palmer@email.com,2018-11-20,2020-11-03,1/20/2025 20:35:10
VOT1876,Teresa,Mills,46,F,MA,Independent,teresa.mills@email.com,2008-04-02,2024-11-05,6/4/2025 1:31:43
VOT1877,Lawrence,Nichols,39,M,TN,Democrat,lawrence.nichols@email.com,2011-08-15,2024-11-05,9/6/2024 10:03:32
VOT1878,Gloria,Grant,54,F,MO,Republican,gloria.grant@email.com,2001-12-28,2022-11-08,2/27/2023 6:07:22
VOT1879,Ralph,Knight,43,M,MD,Independent,ralph.knight@email.com,2009-05-10,2024-11-05,6/21/2024 0:44:06
VOT188,Bella,Gibson,46,F,ME,Democrat,bella.gibson@email.com,2008-07-12,2024-11-05,2/29/2024 3:58:34
VOT1880,Alice,Ferguson,28,F,CO,Democrat,alice.ferguson@email.com,2019-09-22,2024-11-05,5/5/2024 8:52:55
VOT1881,Juan,Rose,51,M,OR,Republican,juan.rose@email.com,2004-02-05,2024-11-05,10/24/2023 12:58:30
VOT1882,Donna,Stone,44,F,NV,Independent,donna.stone@email.com,2009-06-18,2020-11-03,6/22/2025 12:21:09
VOT1883,Ryan,Hawkins,36,M,CT,Democrat,ryan.hawkins@email.com,2013-10-30,2024-11-05,4/21/2025 19:51:19
VOT1884,Brenda,Dunn,60,F,NJ,Republican,brenda.dunn@email.com,1998-03-15,2024-11-05,2/14/2023 23:29:47
VOT1885,Scott,Sims,40,M,IN,Independent,scott.sims@email.com,2012-07-25,2022-11-08,8/7/2023 21:24:13
VOT1886,Barbara,Hudson,47,F,WI,Democrat,barbara.hudson@email.com,2007-12-08,2024-11-05,4/4/2024 5:23:14
VOT1887,Wayne,Spencer,33,M,SC,Republican,wayne.spencer@email.com,2016-04-20,2024-11-05,4/9/2024 0:00:30
VOT1888,Nancy,Gardner,55,F,AL,Independent,nancy.gardner@email.com,2001-08-05,2024-11-05,4/18/2025 17:47:35
VOT1889,Jerry,Stephens,38,M,LA,Democrat,jerry.stephens@email.com,2012-01-18,2020-11-03,10/21/2024 14:55:22
VOT189,Mateo,McDonald,35,M,RI,Republican,mateo.mcdonald@email.com,2014-11-28,2024-11-05,10/9/2023 9:07:19
VOT1890,Helen,Payne,49,F,KY,Republican,helen.payne@email.com,2006-05-30,2024-11-05,8/11/2024 3:17:06
VOT1891,Eugene,Pierce,45,M,OK,Independent,eugene.pierce@email.com,2008-10-12,2024-11-05,11/15/2023 8:08:08
VOT1892,Mary,Berry,31,F,AR,Democrat,mary.berry@email.com,2017-02-25,2022-11-08,8/6/2025 17:21:47
VOT1893,Douglas,Arnold,52,M,IA,Republican,douglas.arnold@email.com,2004-07-08,2024-11-05,3/27/2024 2:31:19
VOT1894,Linda,Reynolds,42,F,MS,Independent,linda.reynolds@email.com,2010-11-20,2024-11-05,8/20/2024 12:41:01
VOT1895,Randy,Ellis,37,M,UT,Democrat,randy.ellis@email.com,2013-04-02,2024-11-05,10/31/2024 16:28:32
VOT1896,Sarah,Harrison,61,F,KS,Republican,sarah.harrison@email.com,1995-08-15,2020-11-03,2/7/2025 17:37:08
VOT1897,Howard,Gibson,29,M,NE,Independent,howard.gibson@email.com,2018-12-28,2024-11-05,5/31/2024 16:14:18
VOT1898,Betty,McDonald,48,F,NM,Democrat,betty.mcdonald@email.com,2007-05-10,2024-11-05,3/16/2024 6:41:55
VOT1899,Billy,Cruz,43,M,WV,Republican,billy.cruz@email.com,2009-09-22,2022-11-08,2/25/2025 1:06:30
VOT190,Aria,Cruz,51,F,MT,Independent,aria.cruz@email.com,2004-04-10,2024-11-05,12/1/2024 19:20:13
VOT1900,Christine,Marshall,35,F,ID,Independent,christine.marshall@email.com,2014-02-05,2024-11-05,8/29/2024 1:43:48
VOT1901,Ronald,Owens,54,M,HI,Democrat,ronald.owens@email.com,2001-06-18,2024-11-05,9/4/2023 20:50:34
VOT1902,Jessica,Johnston,46,F,NH,Republican,jessica.johnston@email.com,2008-10-30,2024-11-05,7/12/2025 11:31:50
VOT1903,Kenneth,Murray,39,M,ME,Independent,kenneth.murray@email.com,2011-03-15,2020-11-03,8/9/2024 13:31:01
VOT1904,Maria,Freeman,58,F,RI,Democrat,maria.freeman@email.com,2002-07-25,2024-11-05,8/17/2023 16:58:33
VOT1905,Donald,Wells,30,M,MT,Republican,donald.wells@email.com,2018-12-08,2024-11-05,11/19/2024 12:18:55
VOT1906,Sharon,Webb,44,F,DE,Independent,sharon.webb@email.com,2009-04-20,2022-11-08,2/26/2023 3:52:21
VOT1907,Frank,Simpson,40,M,SD,Democrat,frank.simpson@email.com,2012-08-05,2024-11-05,7/24/2025 13:59:12
VOT1908,Carol,Stevens,36,F,ND,Republican,carol.stevens@email.com,2013-01-18,2024-11-05,1/13/2025 12:14:41
VOT1909,Larry,Tucker,53,M,AK,Independent,larry.tucker@email.com,2003-05-30,2024-11-05,8/11/2023 18:46:46
VOT191,Kai,Marshall,37,M,DE,Democrat,kai.marshall@email.com,2013-08-22,2020-11-03,2/22/2024 7:22:26
VOT1910,Sandra,Porter,47,F,VT,Democrat,sandra.porter@email.com,2007-10-12,2020-11-03,6/25/2023 13:43:40
VOT1911,Edward,Hunter,32,M,WY,Republican,edward.hunter@email.com,2016-02-25,2024-11-05,9/17/2023 17:23:30
VOT1912,Laura,Hicks,51,F,CA,Independent,laura.hicks@email.com,2004-07-08,2024-11-05,4/30/2023 4:13:34
VOT1913,Mark,Crawford,41,M,TX,Democrat,mark.crawford@email.com,2010-11-20,2022-11-08,11/30/2024 18:22:07
VOT1914,Joyce,Henry,38,F,FL,Republican,joyce.henry@email.com,2012-04-02,2024-11-05,10/19/2023 14:00:53
VOT1915,Raymond,Boyd,60,M,NY,Independent,raymond.boyd@email.com,1998-08-15,2024-11-05,4/13/2023 2:09:05
VOT1916,Deborah,Mason,34,F,PA,Democrat,deborah.mason@email.com,2015-12-28,2024-11-05,9/9/2023 14:53:02
VOT1917,George,Morales,45,M,IL,Republican,george.morales@email.com,2008-05-10,2020-11-03,11/7/2024 12:15:06
VOT1918,Patricia,Kennedy,50,F,OH,Independent,patricia.kennedy@email.com,2004-09-22,2024-11-05,4/25/2024 20:20:28
VOT1919,Roger,Warren,43,M,MI,Democrat,roger.warren@email.com,2009-02-05,2024-11-05,1/27/2024 6:53:40
VOT192,Claire,Owens,48,F,SD,Republican,claire.owens@email.com,2007-12-15,2024-11-05,8/10/2025 2:08:59
VOT1920,Kimberly,Dixon,28,F,NC,Republican,kimberly.dixon@email.com,2019-06-18,2022-11-08,7/17/2023 13:53:37
VOT1921,Arthur,Ramos,49,M,GA,Independent,arthur.ramos@email.com,2006-10-30,2024-11-05,10/6/2024 1:05:49
VOT1922,Ruth,Reyes,42,F,VA,Democrat,ruth.reyes@email.com,2010-03-15,2024-11-05,4/13/2024 19:19:03
VOT1923,Joseph,Burns,37,M,WA,Republican,joseph.burns@email.com,2013-07-25,2024-11-05,8/19/2023 19:30:27
VOT1924,Margaret,Gordon,56,F,AZ,Independent,margaret.gordon@email.com,2000-12-08,2020-11-03,7/7/2023 4:58:25
VOT1925,Fred,Shaw,35,M,MA,Democrat,fred.shaw@email.com,2014-04-20,2024-11-05,10/26/2024 2:58:12
VOT1926,Carolyn,Holmes,48,F,TN,Republican,carolyn.holmes@email.com,2007-08-05,2024-11-05,12/15/2024 14:32:06
VOT1927,Richard,Rice,52,M,MO,Independent,richard.rice@email.com,2004-01-18,2022-11-08,7/25/2023 18:24:11
VOT1928,Janet,Robertson,31,F,MD,Democrat,janet.robertson@email.com,2017-05-30,2024-11-05,3/15/2025 4:41:46
VOT1929,Timothy,Hunt,46,M,Colorado,Republican,timothy.hunt@email.com,2008-10-12,2024-11-05,8/15/2023 23:02:10
VOT193,Maverick,Johnston,28,M,ND,Independent,maverick.johnston@email.com,2019-05-05,2024-11-05,6/30/2024 6:02:27
VOT1930,Pamela,Black,40,F,OR,Independent,pamela.black@email.com,2012-02-25,2024-11-05,4/13/2025 10:02:36
VOT1931,Albert,Daniels,59,M,NV,Democrat,albert.daniels@email.com,1999-07-08,2020-11-03,8/31/2025 18:21:59
VOT1932,Virginia,Palmer,44,F,CT,Republican,virginia.palmer@email.com,2009-11-20,2024-11-05,10/1/2023 11:30:41
VOT1933,Jeremy,Mills,36,M,NJ,Independent,jeremy.mills@email.com,2013-04-02,2024-11-05,12/2/2023 9:00:41
VOT1934,Frances,Nichols,51,F,IN,Democrat,frances.nichols@email.com,2004-08-15,2022-11-08,6/1/2023 22:05:33
VOT1935,Phillip,Grant,38,M,WI,Republican,phillip.grant@email.com,2012-12-28,2024-11-05,2/15/2025 10:17:12
VOT1936,Susan,Knight,33,F,SC,Independent,susan.knight@email.com,2016-05-10,2024-11-05,7/30/2024 1:07:53
VOT1937,Louis,Ferguson,47,M,AL,Democrat,louis.ferguson@email.com,2007-09-22,2024-11-05,8/7/2024 15:24:55
VOT1938,Dorothy,Rose,45,F,LA,Republican,dorothy.rose@email.com,2008-02-05,2020-11-03,3/4/2023 5:13:38
VOT1939,Patrick,Stone,60,M,KY,Independent,patrick.stone@email.com,1998-06-18,2024-11-05,11/21/2024 15:26:44
VOT194,Naomi,Murray,62,F,AK,Democrat,naomi.murray@email.com,1994-09-20,2022-11-08,5/25/2025 5:07:39
VOT1940,Rose,Hawkins,30,F,OK,Democrat,rose.hawkins@email.com,2018-10-30,2024-11-05,1/2/2025 14:23:54
VOT1941,Willie,Dunn,48,M,AR,Republican,willie.dunn@email.com,2007-03-15,2022-11-08,12/5/2023 18:31:33
VOT1942,Katherine,Sims,42,F,IA,Independent,katherine.sims@email.com,2010-07-25,2024-11-05,9/5/2024 6:28:12
VOT1943,Terry,Hudson,37,M,MS,Democrat,terry.hudson@email.com,2013-12-08,2024-11-05,6/28/2024 3:46:09
VOT1944,Amy,Spencer,54,F,UT,Republican,amy.spencer@email.com,2001-04-20,2024-11-05,7/17/2023 1:25:05
VOT1945,Harold,Gardner,39,M,KS,Independent,harold.gardner@email.com,2011-08-05,2020-11-03,4/11/2025 20:39:24
VOT1946,Christine,Stephens,56,F,NE,Democrat,christine.stephens@email.com,2000-01-18,2024-11-05,8/8/2025 2:18:20
VOT1947,Gerald,Payne,32,M,NM,Republican,gerald.payne@email.com,2016-05-30,2024-11-05,4/9/2025 9:26:34
VOT1948,Debra,Pierce,49,F,WV,Independent,debra.pierce@email.com,2006-10-12,2022-11-08,8/25/2024 21:35:22
VOT1949,Arthur,Berry,44,M,ID,Democrat,arthur.berry@email.com,2009-02-25,2024-11-05,6/6/2025 15:50:16
VOT195,Roman,Freeman,45,M,VT,Republican,roman.freeman@email.com,2008-02-10,2024-11-05,2/29/2024 23:05:42
VOT1950,Jean,Arnold,40,F,HI,Republican,jean.arnold@email.com,2012-07-08,2024-11-05,8/26/2023 14:13:49
VOT1951,Bryan,Reynolds,58,M,NH,Independent,bryan.reynolds@email.com,2002-11-20,2024-11-05,8/18/2024 10:42:50
VOT1952,Kathryn,Ellis,28,F,ME,Democrat,kathryn.ellis@email.com,2019-04-02,2020-11-03,5/3/2025 13:31:47
VOT1953,Austin,Harrison,46,M,RI,Republican,austin.harrison@email.com,2008-08-15,2024-11-05,7/3/2023 5:43:42
VOT1954,Denise,Gibson,41,F,MT,Independent,denise.gibson@email.com,2010-12-28,2024-11-05,9/12/2023 13:57:49
VOT1955,Willie,McDonald,35,M,DE,Democrat,willie.mcdonald@email.com,2014-05-10,2022-11-08,8/21/2023 19:27:46
VOT1956,Rachel,Cruz,53,F,SD,Republican,rachel.cruz@email.com,2003-09-22,2024-11-05,2/6/2023 10:50:25
VOT1957,Aaron,Marshall,47,M,ND,Independent,aaron.marshall@email.com,2007-02-05,2024-11-05,8/19/2024 16:31:20
VOT1958,Judy,Owens,38,F,AK,Democrat,judy.owens@email.com,2012-06-18,2024-11-05,3/4/2025 20:43:03
VOT1959,Jonathan,Johnston,61,M,VT,Republican,jonathan.johnston@email.com,1995-10-30,2020-11-03,1/5/2023 20:10:38
VOT196,Ellie,Wells,32,F,WY,Independent,ellie.wells@email.com,2016-06-25,2024-11-05,1/23/2024 20:36:01
VOT1960,Carolyn,Murray,34,F,WY,Independent,carolyn.murray@email.com,2015-03-15,2024-11-05,2/17/2025 23:30:44
VOT1961,Eugene,Freeman,50,M,CA,Democrat,eugene.freeman@email.com,2004-07-25,2024-11-05,4/8/2023 5:42:50
VOT1962,Sara,Wells,43,F,TX,Republican,sara.wells@email.com,2009-12-08,2022-11-08,10/4/2023 13:45:45
VOT1963,Arthur,Webb,36,M,FL,Independent,arthur.webb@email.com,2013-04-20,2024-11-05,2/6/2023 6:05:12
VOT1964,Madison,Simpson,52,F,NY,Democrat,madison.simpson@email.com,2004-08-05,2024-11-05,2/23/2024 8:48:42
VOT1965,Gabriel,Stevens,29,M,PA,Republican,gabriel.stevens@email.com,2018-01-18,2024-11-05,3/12/2024 8:36:08
VOT1966,Samantha,Tucker,48,F,IL,Independent,samantha.tucker@email.com,2007-05-30,2020-11-03,11/18/2023 8:08:06
VOT1967,Albert,Porter,42,M,OH,Democrat,albert.porter@email.com,2010-10-12,2024-11-05,3/22/2023 21:21:20
VOT1968,Patricia,Hunter,37,F,MI,Republican,patricia.hunter@email.com,2013-02-25,2024-11-05,2/9/2025 7:31:06
VOT1969,Terry,Hicks,55,M,NC,Independent,terry.hicks@email.com,2001-07-08,2022-11-08,11/13/2024 7:05:24
VOT197,Miles,Webb,54,M,CA,Democrat,miles.webb@email.com,2001-10-12,2024-11-05,11/18/2023 21:42:03
VOT1970,Amy,Crawford,31,F,GA,Democrat,amy.crawford@email.com,2017-11-20,2024-11-05,4/14/2024 22:09:30
VOT1971,Willie,Henry,49,M,VA,Republican,willie.henry@email.com,2006-04-02,2024-11-05,1/11/2023 1:37:44
VOT1972,Diana,Boyd,44,F,WA,Independent,diana.boyd@email.com,2009-08-15,2024-11-05,1/19/2023 10:53:14
VOT1973,Gerald,Mason,40,M,AZ,Democrat,gerald.mason@email.com,2012-12-28,2020-11-03,5/14/2023 7:19:37
VOT1974,Kelly,Morales,59,F,MA,Republican,kelly.morales@email.com,1999-05-10,2024-11-05,4/17/2023 18:24:30
VOT1975,Peter,Kennedy,33,M,TN,Independent,peter.kennedy@email.com,2016-09-22,2024-11-05,2/11/2025 11:26:07
VOT1976,Frances,Warren,46,F,MO,Democrat,frances.warren@email.com,2008-02-05,2022-11-08,7/31/2023 9:56:09
VOT1977,Harold,Dixon,41,M,MD,Republican,harold.dixon@email.com,2010-06-18,2024-11-05,9/20/2024 6:16:40
VOT1978,Judith,Ramos,36,F,CO,Independent,judith.ramos@email.com,2013-10-30,2024-11-05,6/9/2025 21:09:58
VOT1979,Benjamin,Reyes,54,M,OR,Democrat,benjamin.reyes@email.com,2001-03-15,2024-11-05,7/20/2023 12:52:10
VOT198,Madelyn,Simpson,39,F,TX,Republican,madelyn.simpson@email.com,2011-03-30,2020-11-03,8/6/2025 12:53:32
VOT1980,Lauren,Burns,47,F,NV,Republican,lauren.burns@email.com,2007-07-25,2020-11-03,7/15/2025 7:35:08
VOT1981,Keith,Gordon,38,M,CT,Independent,keith.gordon@email.com,2012-12-08,2024-11-05,4/20/2023 11:06:42
VOT1982,Julie,Shaw,60,F,NJ,Democrat,julie.shaw@email.com,1998-04-20,2024-11-05,11/26/2023 11:15:51
VOT1983,Carl,Holmes,35,M,IN,Republican,carl.holmes@email.com,2014-08-05,2022-11-08,6/24/2024 9:50:02
VOT1984,Teresa,Rice,51,F,WI,Independent,teresa.rice@email.com,2004-01-18,2024-11-05,1/3/2025 2:19:13
VOT1985,Lawrence,Robertson,43,M,SC,Democrat,lawrence.robertson@email.com,2009-05-30,2024-11-05,10/1/2024 17:28:30
VOT1986,Gloria,Hunt,30,F,AL,Republican,,2018-10-12,2024-11-05,4/14/2025 8:00:10
VOT1987,Ralph,Black,48,M,LA,Independent,ralph.black@email.com,2007-02-25,2020-11-03,6/6/2025 11:09:15
VOT1988,Alice,Daniels,42,F,KY,Democrat,alice.daniels@email.com,2010-07-08,2024-11-05,9/22/2024 8:14:01
VOT1989,Juan,Palmer,37,M,OK,Republican,juan.palmer@email.com,2013-11-20,2024-11-05,4/3/2024 18:23:24
VOT199,Colton,Stevens,47,M,FL,Independent,colton.stevens@email.com,2007-07-15,2024-11-05,1/20/2025 10:31:15
VOT1990,Donna,Mills,56,F,AR,Independent,donna.mills@email.com,2000-04-02,2022-11-08,8/18/2023 8:37:07
VOT1991,Ryan,Nichols,31,M,IA,Democrat,ryan.nichols@email.com,2017-08-15,2024-11-05,9/8/2023 14:14:21
VOT1992,Brenda,Grant,45,F,MS,Republican,brenda.grant@email.com,2008-12-28,2024-11-05,7/7/2023 3:38:38
VOT1993,Scott,Knight,39,M,UT,Independent,scott.knight@email.com,2011-05-10,2024-11-05,7/27/2025 2:08:02
VOT1994,Barbara,Ferguson,53,F,KS,Democrat,barbara.ferguson@email.com,2003-09-22,2020-11-03,1/13/2024 22:32:57
VOT1995,Wayne,Rose,44,M,NE,Republican,wayne.rose@email.com,2009-02-05,2024-11-05,12/17/2023 16:12:07
VOT1996,Nancy,Stone,28,F,NM,Independent,nancy.stone@email.com,2019-06-18,2024-11-05,2/6/2024 18:47:21
VOT200,Athena,Tucker,33,F,NY,Democrat,athena.tucker@email.com,2016-11-22,2024-11-05,10/3/2023 10:09:27
VOT201,Adrian,Porter,41,M,PA,Republican,adrian.porter@email.com,2010-04-08,2022-11-08,12/29/2024 21:06:19
VOT202,Emilia,Hunter,50,F,IL,Independent,emilia.hunter@email.com,2004-08-20,2024-11-05,3/11/2024 9:30:20
VOT203,Hunter,Hicks,29,M,OH,Democrat,hunter.hicks@email.com,2018-01-15,2024-11-05,9/8/2024 15:35:10
VOT204,Leilani,Crawford,58,F,MI,Republican,leilani.crawford@email.com,2002-05-30,2024-11-05,8/23/2023 8:47:08
VOT205,Eli,Henry,43,M,NC,Independent,eli.henry@email.com,2009-10-05,2020-11-03,2/9/2024 7:37:53
VOT206,Natalie,Boyd,36,F,GA,Democrat,natalie.boyd@email.com,2013-02-18,2024-11-05,1/22/2024 1:51:50
VOT207,Isaiah,Mason,52,M,VA,Republican,isaiah.mason@email.com,2004-06-25,2024-11-05,3/27/2024 11:44:49
VOT208,Valentina,Morales,30,F,WA,Independent,valentina.morales@email.com,2018-11-10,2022-11-08,8/30/2024 23:12:13
VOT209,Cameron,Kennedy,46,M,AZ,Democrat,cameron.kennedy@email.com,2008-03-22,2024-11-05,3/15/2025 2:02:21
VOT210,Ivy,Warren,38,F,MA,Republican,ivy.warren@email.com,2012-08-05,2024-11-05,6/9/2023 19:50:49
VOT211,Axel,Dixon,55,M,TN,Independent,axel.dixon@email.com,2001-12-18,2024-11-05,1/10/2025 12:56:52
VOT212,Alice,Ramos,34,F,MO,Democrat,alice.ramos@email.com,2015-04-30,2020-11-03,7/11/2024 15:23:47
VOT213,Chase,Reyes,49,M,MD,Republican,chase.reyes@email.com,2006-09-12,2024-11-05,6/11/2023 8:11:31
VOT214,Jade,Burns,42,F,CO,Independent,jade.burns@email.com,2010-02-25,2024-11-05,11/2/2024 16:35:28
VOT215,Xavier,Gordon,27,M,OR,Democrat,xavier.gordon@email.com,2020-06-08,2022-11-08,12/1/2024 20:04:47
VOT216,Clara,Shaw,61,F,NV,Republican,clara.shaw@email.com,1995-10-20,2024-11-05,6/16/2025 2:07:30
VOT217,Blake,Holmes,45,M,CT,Independent,blake.holmes@email.com,2008-04-05,2024-11-05,7/19/2023 17:15:49
VOT218,Maya,Rice,31,F,NJ,Democrat,maya.rice@email.com,2017-08-18,2024-11-05,3/2/2024 2:09:36
VOT219,Diego,Robertson,53,M,IN,Republican,diego.robertson@email.com,2003-01-10,2020-11-03,6/3/2023 18:42:19
VOT220,Delilah,Hunt,40,F,WI,Independent,delilah.hunt@email.com,2012-05-22,2024-11-05,4/11/2025 21:32:26
VOT2201,Lawrence,Mason,36,M,SD,Democrat,lawrence.mason@email.com,2013-12-28,2024-11-05,1/16/2024 7:02:09
VOT2202,Gloria,Morales,58,F,ND,Republican,gloria.morales@email.com,2002-05-10,2024-11-05,8/28/2023 4:01:34
VOT2203,Ralph,Kennedy,28,M,AK,Independent,ralph.kennedy@email.com,2019-09-22,2024-11-05,3/20/2024 21:41:25
VOT2204,Alice,Warren,45,F,VT,Democrat,alice.warren@email.com,2008-02-05,2020-11-03,6/15/2023 2:54:04
VOT2205,Juan,Dixon,41,M,WY,Republican,juan.dixon@email.com,2010-06-18,2024-11-05,11/21/2023 23:06:25
VOT2206,Donna,Ramos,34,F,CA,Independent,donna.ramos@email.com,2015-10-30,2024-11-05,1/25/2024 23:08:34
VOT2207,Ryan,Reyes,52,M,TX,Democrat,ryan.reyes@email.com,2004-03-15,2022-11-08,6/21/2025 1:58:52
VOT2208,Brenda,Burns,37,F,FL,Republican,brenda.burns@email.com,2013-07-25,2024-11-05,12/15/2024 7:51:53
VOT2209,Scott,Gordon,48,M,NY,Independent,scott.gordon@email.com,2007-12-08,2024-11-05,2/10/2023 1:58:40
VOT221,Cooper,Black,48,M,SC,Democrat,cooper.black@email.com,2007-09-30,2024-11-05,5/12/2023 13:04:25
VOT2210,Barbara,Shaw,44,F,PA,Democrat,barbara.shaw@email.com,2009-04-20,2024-11-05,7/8/2024 14:29:35
VOT2211,Wayne,Holmes,60,M,IL,Republican,wayne.holmes@email.com,1998-08-05,2020-11-03,4/18/2025 21:49:20
VOT2212,Nancy,Rice,30,F,OH,Independent,nancy.rice@email.com,2018-01-18,2024-11-05,5/24/2024 9:59:11
VOT2213,Jerry,Robertson,46,M,MI,Democrat,jerry.robertson@email.com,2008-05-30,2024-11-05,7/21/2025 11:38:52
VOT2214,Helen,Hunt,43,F,NC,Republican,helen.hunt@email.com,2009-10-12,2022-11-08,4/6/2024 20:04:49
VOT2215,Eugene,Black,38,M,GA,Independent,eugene.black@email.com,2012-02-25,2024-11-05,1/4/2025 15:44:38
VOT2216,Mary,Daniels,55,F,VA,Democrat,mary.daniels@email.com,2001-07-08,2024-11-05,8/9/2024 18:03:23
VOT2217,Douglas,Palmer,31,M,WA,Republican,douglas.palmer@email.com,2017-11-20,2024-11-05,4/19/2024 8:36:46
VOT2218,Linda,Mills,49,F,AZ,Independent,linda.mills@email.com,2006-04-02,2020-11-03,12/1/2023 10:33:28
VOT2219,Randy,Nichols,42,M,MA,Democrat,randy.nichols@email.com,2010-08-15,2024-11-05,8/21/2023 21:00:15
VOT222,Sienna,Daniels,35,F,AL,Republican,sienna.daniels@email.com,2014-02-15,2022-11-08,3/22/2023 18:13:59
VOT2220,Sarah,Grant,35,F,TN,Republican,sarah.grant@email.com,2014-12-28,2024-11-05,12/20/2024 2:45:00
VOT2221,Howard,Knight,57,M,MO,Independent,howard.knight@email.com,2000-05-10,2022-11-08,5/14/2025 7:44:29
VOT2222,Betty,Ferguson,39,F,MD,Democrat,betty.ferguson@email.com,2011-09-22,2024-11-05,1/1/2024 13:39:23
VOT2223,Billy,Rose,47,M,CO,Republican,billy.rose@email.com,2007-02-05,2024-11-05,8/25/2024 21:58:07
VOT2224,Christine,Stone,53,F,OR,Independent,christine.stone@email.com,2003-06-18,2024-11-05,1/9/2023 11:55:29
VOT2225,Ronald,Hawkins,33,M,NV,Democrat,ronald.hawkins@email.com,2016-10-30,2020-11-03,2/28/2023 19:28:27
VOT2226,Jessica,Dunn,45,F,CT,Republican,jessica.dunn@email.com,2008-03-15,2024-11-05,12/16/2024 10:37:25
VOT2227,Kenneth,Sims,40,M,NJ,Independent,kenneth.sims@email.com,2012-07-25,2024-11-05,5/14/2025 14:08:03
VOT2228,Maria,Hudson,61,F,IN,Democrat,maria.hudson@email.com,1995-12-08,2022-11-08,3/4/2025 21:32:13
VOT2229,Donald,Spencer,36,M,WI,Republican,donald.spencer@email.com,2013-04-20,2024-11-05,1/23/2024 17:36:42
VOT223,Beau,Palmer,57,M,LA,Independent,beau.palmer@email.com,2000-06-28,2024-11-05,1/29/2024 18:16:38
VOT2230,Sharon,Gardner,50,F,SC,Independent,sharon.gardner@email.com,2004-08-05,2024-11-05,7/16/2025 14:43:13
VOT2231,Frank,Stephens,44,M,AL,Democrat,frank.stephens@email.com,2009-01-18,2024-11-05,5/31/2024 6:50:34
VOT2232,Carol,Payne,29,F,LA,Republican,carol.payne@email.com,2018-05-30,2020-11-03,6/26/2025 8:55:53
VOT2233,Larry,Pierce,48,M,KY,Independent,larry.pierce@email.com,2007-10-12,2024-11-05,1/10/2023 7:52:10
VOT2234,Sandra,Berry,41,F,OK,Democrat,sandra.berry@email.com,2010-02-25,2024-11-05,6/9/2025 22:11:44
VOT2235,Edward,Arnold,37,M,AR,Republican,edward.arnold@email.com,2013-07-08,2022-11-08,10/27/2024 2:36:58
VOT2236,Laura,Reynolds,56,F,IA,Independent,laura.reynolds@email.com,2000-11-20,2024-11-05,2/9/2024 11:56:10
VOT2237,Mark,Ellis,32,M,MS,Democrat,mark.ellis@email.com,2016-04-02,2024-11-05,10/31/2023 2:17:25
VOT2238,Joyce,Harrison,46,F,UT,Republican,joyce.harrison@email.com,2008-08-15,2024-11-05,8/3/2023 2:29:54
VOT2239,Raymond,Gibson,39,M,KS,Independent,raymond.gibson@email.com,2011-12-28,2020-11-03,2/21/2023 7:37:04
VOT224,Josie,Mills,29,F,KY,Democrat,josie.mills@email.com,2018-11-12,2024-11-05,4/24/2025 22:31:14
VOT2240,Deborah,McDonald,54,F,NE,Democrat,deborah.mcdonald@email.com,2001-05-10,2024-11-05,6/16/2023 4:36:58
VOT2241,George,Cruz,43,M,NM,Republican,george.cruz@email.com,2009-09-22,2024-11-05,8/21/2023 21:37:13
VOT2242,Patricia,Marshall,28,F,WV,Independent,patricia.marshall@email.com,2019-02-05,2022-11-08,1/22/2023 21:20:27
VOT2243,Roger,Owens,51,M,ID,Democrat,roger.owens@email.com,2004-06-18,2024-11-05,9/23/2024 9:28:08
VOT2244,Kimberly,Johnston,44,F,HI,Republican,kimberly.johnston@email.com,2009-10-30,2024-11-05,7/11/2025 8:55:12
VOT2245,Arthur,Murray,38,M,NH,Independent,arthur.murray@email.com,2012-03-15,2024-11-05,7/29/2025 1:45:36
VOT2246,Ruth,Freeman,60,F,ME,Democrat,ruth.freeman@email.com,1998-07-25,2020-11-03,3/27/2025 12:30:15
VOT2247,Joseph,Wells,35,M,RI,Republican,joseph.wells@email.com,2014-12-08,2024-11-05,7/15/2024 10:45:12
VOT2248,Margaret,Webb,49,F,MT,Independent,margaret.webb@email.com,2006-04-20,2024-11-05,8/18/2024 3:48:44
VOT2249,Fred,Simpson,42,M,DE,Democrat,fred.simpson@email.com,2010-08-05,2022-11-08,8/12/2025 3:00:32
VOT225,Micah,Nichols,44,M,OK,Republican,micah.nichols@email.com,2009-04-25,2024-11-05,12/2/2024 8:45:21
VOT2250,Carolyn,Stevens,30,F,SD,Republican,carolyn.stevens@email.com,2018-01-18,2024-11-05,3/2/2025 23:36:04
VOT2251,Richard,Tucker,47,M,ND,Independent,richard.tucker@email.com,2007-05-30,2024-11-05,5/21/2023 5:10:47
VOT2252,Janet,Porter,41,F,AK,Democrat,janet.porter@email.com,2010-10-12,2024-11-05,1/6/2023 18:32:27
VOT2253,Timothy,Hunter,36,M,VT,Republican,timothy.hunter@email.com,2013-02-25,2020-11-03,8/27/2025 23:03:54
VOT2254,Pamela,Hicks,55,F,WY,Independent,pamela.hicks@email.com,2001-07-08,2024-11-05,5/2/2024 11:17:59
VOT2255,Albert,Crawford,48,M,CA,Democrat,albert.crawford@email.com,2007-11-20,2024-11-05,1/5/2023 16:35:28
VOT2256,Virginia,Henry,32,F,TX,Republican,virginia.henry@email.com,2016-04-02,2022-11-08,11/14/2024 5:16:33
VOT2257,Jeremy,Boyd,45,M,FL,Independent,jeremy.boyd@email.com,2008-08-15,2024-11-05,10/10/2024 18:15:38
VOT2258,Frances,Mason,40,F,NY,Democrat,frances.mason@email.com,2012-12-28,2024-11-05,2/7/2024 19:42:30
VOT2259,Phillip,Morales,37,M,PA,Republican,phillip.morales@email.com,2013-05-10,2024-11-05,12/11/2024 13:50:29
VOT226,Emery,Grant,37,F,AR,Independent,emery.grant@email.com,2013-08-08,2020-11-03,5/21/2024 13:58:55
VOT2260,Susan,Kennedy,59,F,IL,Independent,susan.kennedy@email.com,1999-09-22,2020-11-03,4/15/2023 21:11:41
VOT2261,Louis,Warren,33,M,OH,Democrat,louis.warren@email.com,2016-02-05,2024-11-05,3/14/2023 18:26:42
VOT2262,Dorothy,Dixon,46,F,MI,Republican,dorothy.dixon@email.com,2008-06-18,2024-11-05,7/15/2025 8:05:53
VOT2263,Patrick,Ramos,43,M,NC,Independent,patrick.ramos@email.com,2009-10-30,2022-11-08,2/3/2025 0:47:18
VOT2264,Rose,Reyes,38,F,GA,Democrat,rose.reyes@email.com,2012-03-15,2024-11-05,3/5/2025 23:59:32
VOT2265,Willie,Burns,54,M,VA,Republican,willie.burns@email.com,2001-07-25,2024-11-05,4/20/2023 23:43:01
VOT2266,Katherine,Gordon,29,F,WA,Independent,katherine.gordon@email.com,2018-12-08,2024-11-05,2/7/2024 8:07:23
VOT2267,Terry,Shaw,50,M,AZ,Democrat,terry.shaw@email.com,2004-04-20,2020-11-03,11/5/2023 12:04:34
VOT2268,Amy,Holmes,44,F,MA,Republican,amy.holmes@email.com,2009-08-05,2024-11-05,12/20/2023 11:51:40
VOT2269,Harold,Rice,39,M,TN,Independent,harold.rice@email.com,2011-01-18,2024-11-05,3/14/2025 9:45:56
VOT227,Silas,Knight,51,M,IA,Democrat,silas.knight@email.com,2004-01-20,2024-11-05,12/27/2024 20:02:12
VOT2270,Christine,Robertson,61,F,MO,Democrat,christine.robertson@email.com,1995-05-30,2022-11-08,8/23/2023 0:43:06
VOT2271,Gerald,Hunt,31,M,MD,Republican,gerald.hunt@email.com,2017-10-12,2024-11-05,1/25/2023 6:55:37
VOT2272,Debra,Black,48,F,CO,Independent,debra.black@email.com,2007-02-25,2024-11-05,6/27/2023 9:53:22
VOT2273,Arthur,Daniels,42,M,OR,Democrat,arthur.daniels@email.com,2010-07-08,2024-11-05,3/25/2023 13:05:35
VOT2274,Jean,Palmer,36,F,NV,Republican,jean.palmer@email.com,2013-11-20,2020-11-03,3/17/2025 1:37:56
VOT2275,Bryan,Mills,57,M,CT,Independent,bryan.mills@email.com,2000-04-02,2024-11-05,11/24/2024 23:33:57
VOT2276,Kathryn,Nichols,35,F,NJ,Democrat,kathryn.nichols@email.com,2014-08-15,2024-11-05,2/13/2025 22:01:21
VOT2277,Austin,Grant,45,M,IN,Republican,austin.grant@email.com,2008-12-28,2022-11-08,3/7/2025 1:56:05
VOT2278,Denise,Knight,52,F,WI,Independent,denise.knight@email.com,2004-05-10,2024-11-05,4/21/2024 8:37:09
VOT2279,Willie,Ferguson,40,M,SC,Democrat,willie.ferguson@email.com,2012-09-22,2024-11-05,6/2/2023 4:41:58
VOT228,Harmony,Ferguson,33,F,MS,Republican,harmony.ferguson@email.com,2016-05-05,2024-11-05,5/31/2024 11:49:37
VOT2280,Rachel,Rose,28,F,AL,Republican,rachel.rose@email.com,2019-02-05,2024-11-05,1/3/2023 17:47:50
VOT2281,Aaron,Stone,49,M,LA,Independent,aaron.stone@email.com,2006-06-18,2020-11-03,10/11/2023 4:27:29
VOT2282,Judy,Hawkins,43,F,KY,Democrat,judy.hawkins@email.com,2009-10-30,2024-11-05,6/10/2024 6:31:28
VOT2283,Jonathan,Dunn,38,M,OK,Republican,jonathan.dunn@email.com,2012-03-15,2024-11-05,3/2/2025 0:16:33
VOT2284,Carolyn,Sims,55,F,AR,Independent,carolyn.sims@email.com,2001-07-25,2022-11-08,10/12/2023 11:07:44
VOT2285,Eugene,Hudson,34,M,IA,Democrat,eugene.hudson@email.com,2015-12-08,2024-11-05,7/29/2024 2:13:03
VOT2286,Sara,Spencer,47,F,MS,Republican,sara.spencer@email.com,2007-04-20,2024-11-05,7/13/2025 17:08:35
VOT2287,Arthur,Gardner,41,M,UT,Independent,arthur.gardner@email.com,2010-08-05,2024-11-05,3/9/2025 12:41:33
VOT2288,Madison,Stephens,60,F,KS,Democrat,madison.stephens@email.com,1998-01-18,2020-11-03,12/23/2023 22:06:01
VOT2289,Gabriel,Payne,30,M,NE,Republican,gabriel.payne@email.com,2018-05-30,2024-11-05,10/8/2024 9:45:50
VOT229,Beckett,Rose,46,M,UT,Independent,beckett.rose@email.com,2008-09-15,2022-11-08,12/30/2023 0:33:51
VOT2290,Samantha,Pierce,46,F,NM,Independent,samantha.pierce@email.com,2008-10-12,2024-11-05,3/12/2023 8:12:53
VOT2291,Albert,Berry,42,M,WV,Democrat,albert.berry@email.com,2010-02-25,2022-11-08,7/28/2023 1:27:56
VOT2292,Patricia,Arnold,37,F,ID,Republican,patricia.arnold@email.com,2013-07-08,2024-11-05,3/6/2024 3:25:27
VOT2293,Terry,Reynolds,53,M,HI,Independent,terry.reynolds@email.com,2003-11-20,2024-11-05,6/3/2023 19:32:43
VOT2294,Amy,Ellis,39,F,NH,Democrat,amy.ellis@email.com,2011-04-02,2024-11-05,6/4/2023 10:39:10
VOT2295,Willie,Harrison,48,M,ME,Republican,willie.harrison@email.com,2007-08-15,2020-11-03,2/16/2025 14:14:58
VOT2296,Diana,Gibson,56,F,RI,Independent,diana.gibson@email.com,2000-12-28,2024-11-05,11/28/2024 2:46:53
VOT2297,Gerald,McDonald,32,M,MT,Democrat,gerald.mcdonald@email.com,2016-05-10,2024-11-05,3/17/2023 8:44:25
VOT2298,Kelly,Cruz,45,F,DE,Republican,kelly.cruz@email.com,2008-09-22,2022-11-08,7/7/2024 19:42:36
VOT2299,Peter,Marshall,44,M,SD,Independent,peter.marshall@email.com,2009-02-05,2024-11-05,5/27/2025 4:43:31
VOT230,Lydia,Stone,39,F,KS,Democrat,lydia.stone@email.com,2011-02-02,2024-11-05,2/11/2024 8:33:52
VOT2300,Frances,Owens,35,F,ND,Democrat,frances.owens@email.com,2014-06-18,2024-11-05,4/5/2024 23:37:34
VOT2301,Harold,Johnston,51,M,AK,Republican,harold.johnston@email.com,2004-10-30,2024-11-05,5/14/2025 7:32:11
VOT2302,Judith,Murray,40,F,VT,Independent,judith.murray@email.com,2012-03-15,2020-11-03,7/26/2023 11:09:18
VOT2303,Benjamin,Freeman,58,M,WY,Democrat,benjamin.freeman@email.com,2002-07-25,2024-11-05,4/10/2025 3:36:18
VOT2304,Lauren,Wells,29,F,CA,Republican,lauren.wells@email.com,2018-12-08,2024-11-05,4/16/2023 20:40:23
VOT2305,Keith,Webb,47,M,TX,Independent,keith.webb@email.com,2007-04-20,2022-11-08,3/31/2025 23:34:51
VOT2306,Julie,Simpson,43,F,FL,Democrat,julie.simpson@email.com,2009-08-05,2024-11-05,7/15/2025 20:45:37
VOT2307,Carl,Stevens,36,M,NY,Republican,carl.stevens@email.com,2013-01-18,2024-11-05,8/13/2025 6:49:42
VOT2308,Teresa,Tucker,54,F,PA,Independent,teresa.tucker@email.com,2001-05-30,2024-11-05,11/10/2024 6:13:55
VOT2309,Lawrence,Porter,38,M,IL,Democrat,lawrence.porter@email.com,2012-10-12,2020-11-03,6/19/2025 4:42:49
VOT231,Maddox,Hawkins,60,M,NE,Republican,maddox.hawkins@email.com,1998-06-18,2024-11-05,7/17/2024 5:23:23
VOT2310,Gloria,Hunter,49,F,OH,Republican,gloria.hunter@email.com,2006-02-25,2024-11-05,5/9/2023 8:14:57
VOT2311,Ralph,Hicks,31,M,MI,Independent,ralph.hicks@email.com,2017-07-08,2024-11-05,9/3/2023 5:36:05
VOT2312,Alice,Crawford,46,F,NC,Democrat,alice.crawford@email.com,2008-11-20,2022-11-08,7/19/2024 21:35:08
VOT2313,Juan,Henry,42,M,GA,Republican,juan.henry@email.com,2010-04-02,2024-11-05,1/21/2024 12:21:22
VOT2314,Donna,Boyd,37,F,VA,Independent,donna.boyd@email.com,2013-08-15,2024-11-05,12/23/2024 2:56:13
VOT2315,Ryan,Mason,60,M,WA,Democrat,ryan.mason@email.com,1998-12-28,2024-11-05,11/9/2024 5:45:00
VOT2316,Brenda,Morales,33,F,AZ,Republican,brenda.morales@email.com,2016-05-10,2020-11-03,8/5/2023 18:11:40
VOT2317,Scott,Kennedy,48,M,MA,Independent,scott.kennedy@email.com,2007-09-22,2024-11-05,3/23/2023 22:54:29
VOT2318,Barbara,Warren,44,F,TN,Democrat,barbara.warren@email.com,2009-02-05,2024-11-05,8/27/2025 11:55:32
VOT2319,Wayne,Dixon,39,M,MO,Republican,wayne.dixon@email.com,2011-06-18,2022-11-08,2/2/2024 7:09:22
VOT232,Adalyn,Dunn,42,F,NM,Independent,adalyn.dunn@email.com,2010-10-30,2024-11-05,5/29/2024 3:37:35
VOT2320,Nancy,Ramos,55,F,MD,Independent,nancy.ramos@email.com,2001-10-30,2024-11-05,4/20/2024 16:48:28
VOT2321,Jerry,Reyes,35,M,CO,Democrat,jerry.reyes@email.com,2014-03-15,2024-11-05,4/8/2024 8:01:45
VOT2322,Helen,Burns,50,F,OR,Republican,helen.burns@email.com,2004-07-25,2024-11-05,8/29/2024 14:14:24
VOT2323,Eugene,Gordon,45,M,NV,Independent,eugene.gordon@email.com,2008-12-08,2020-11-03,2/1/2025 4:56:33
VOT2324,Mary,Shaw,30,F,CT,Democrat,mary.shaw@email.com,2018-04-20,2024-11-05,6/27/2023 15:28:57
VOT2325,Douglas,Holmes,52,M,NJ,Republican,douglas.holmes@email.com,2004-08-05,2024-11-05,7/10/2023 6:32:21
VOT2326,Linda,Rice,41,F,IN,Independent,linda.rice@email.com,2010-01-18,2022-11-08,5/3/2025 15:51:07
VOT2327,Randy,Robertson,37,M,WI,Democrat,randy.robertson@email.com,2013-05-30,2024-11-05,8/24/2023 8:10:34
VOT2328,Sarah,Hunt,61,F,SC,Republican,sarah.hunt@email.com,1995-10-12,2024-11-05,9/18/2024 2:13:02
VOT2329,Howard,Black,46,M,AL,Independent,howard.black@email.com,2008-02-25,2024-11-05,8/11/2024 10:46:03
VOT233,Bennett,Sims,28,M,WV,Democrat,bennett.sims@email.com,2019-03-15,2020-11-03,5/28/2025 13:17:13
VOT2330,Betty,Daniels,28,F,LA,Democrat,betty.daniels@email.com,2019-07-08,2020-11-03,1/13/2025 0:24:46
VOT2331,Billy,Palmer,43,M,KY,Republican,billy.palmer@email.com,2009-11-20,2024-11-05,2/13/2023 7:51:38
VOT2332,Christine,Mills,40,F,OK,Independent,christine.mills@email.com,2012-04-02,2024-11-05,3/16/2024 12:24:13
VOT2333,Ronald,Nichols,36,M,AR,Democrat,ronald.nichols@email.com,2013-08-15,2022-11-08,10/16/2024 15:17:53
VOT2334,Jessica,Grant,58,F,IA,Republican,jessica.grant@email.com,2002-12-28,2024-11-05,6/24/2023 15:55:17
VOT2335,Kenneth,Knight,34,M,MS,Independent,kenneth.knight@email.com,2015-05-10,2024-11-05,1/22/2023 8:30:31
VOT2336,Maria,Ferguson,47,F,UT,Democrat,maria.ferguson@email.com,2007-09-22,2024-11-05,8/28/2024 12:39:40
VOT2337,Donald,Rose,44,M,KS,Republican,donald.rose@email.com,2009-02-05,2020-11-03,4/27/2024 21:34:11
VOT2338,Sharon,Stone,29,F,NE,Independent,sharon.stone@email.com,2018-06-18,2024-11-05,6/15/2023 23:18:10
VOT2339,Frank,Hawkins,51,M,NM,Democrat,frank.hawkins@email.com,2004-10-30,2024-11-05,5/30/2025 7:38:20
VOT234,Piper,Hudson,54,F,ID,Republican,piper.hudson@email.com,2001-07-22,2024-11-05,10/3/2023 12:10:22
VOT2340,Carol,Dunn,42,F,WV,Republican,carol.dunn@email.com,2010-03-15,2022-11-08,12/15/2023 22:07:41
VOT2341,Larry,Sims,38,M,ID,Independent,larry.sims@email.com,2012-07-25,2024-11-05,8/15/2024 0:37:38
VOT2342,Sandra,Hudson,56,F,HI,Democrat,sandra.hudson@email.com,2000-12-08,2024-11-05,9/10/2023 9:09:43
VOT2343,Edward,Spencer,32,M,NH,Republican,edward.spencer@email.com,2016-04-20,2024-11-05,8/22/2025 19:36:37
VOT2344,Laura,Gardner,45,F,ME,Independent,laura.gardner@email.com,2008-08-05,2020-11-03,6/21/2025 22:09:02
VOT2345,Mark,Stephens,39,M,RI,Democrat,mark.stephens@email.com,2011-01-18,2024-11-05,8/28/2024 23:31:37
VOT2346,Joyce,Payne,49,F,MT,Republican,joyce.payne@email.com,2006-05-30,2024-11-05,2/3/2025 1:51:26
VOT2347,Raymond,Pierce,60,M,DE,Independent,raymond.pierce@email.com,1998-10-12,2022-11-08,7/15/2024 14:59:40
VOT2348,Deborah,Berry,35,F,SD,Democrat,deborah.berry@email.com,2014-02-25,2024-11-05,5/20/2025 11:38:52
VOT2349,George,Arnold,48,M,ND,Republican,george.arnold@email.com,2007-07-08,2024-11-05,4/18/2025 5:13:02
VOT235,Tristan,Spencer,36,M,HI,Independent,tristan.spencer@email.com,2013-12-05,2024-11-05,3/21/2025 9:40:00
VOT2350,Patricia,Reynolds,41,F,AK,Independent,patricia.reynolds@email.com,2010-11-20,2024-11-05,8/14/2025 1:39:55
VOT2351,Roger,Ellis,37,M,VT,Democrat,roger.ellis@email.com,2013-04-02,2020-11-03,7/23/2024 21:28:59
VOT2352,Kimberly,Harrison,53,F,WY,Republican,kimberly.harrison@email.com,2003-08-15,2024-11-05,11/19/2024 5:24:24
VOT2353,Arthur,Gibson,46,M,CA,Independent,arthur.gibson@email.com,2008-12-28,2024-11-05,5/21/2023 4:18:35
VOT2354,Ruth,McDonald,31,F,TX,Democrat,ruth.mcdonald@email.com,2017-05-10,2022-11-08,12/1/2023 22:52:48
VOT2355,Joseph,Cruz,54,M,FL,Republican,joseph.cruz@email.com,2001-09-22,2024-11-05,1/10/2023 5:12:06
VOT2356,Margaret,Marshall,44,F,NY,Independent,margaret.marshall@email.com,2009-02-05,2024-11-05,2/5/2024 15:04:30
VOT2357,Fred,Owens,40,M,PA,Democrat,fred.owens@email.com,2012-06-18,2024-11-05,7/19/2024 10:41:34
VOT2358,Carolyn,Johnston,62,F,IL,Republican,carolyn.johnston@email.com,1994-10-30,2020-11-03,8/23/2025 1:00:32
VOT2359,Richard,Murray,30,M,OH,Independent,richard.murray@email.com,2018-03-15,2024-11-05,2/4/2025 12:08:13
VOT236,Kinsley,Gardner,47,F,NH,Democrat,kinsley.gardner@email.com,2007-04-18,2022-11-08,2/5/2024 2:04:47
VOT2360,Janet,Freeman,47,F,MI,Democrat,janet.freeman@email.com,2007-07-25,2024-11-05,5/22/2025 21:34:38
VOT2361,Timothy,Wells,43,M,NC,Republican,timothy.wells@email.com,2009-12-08,2022-11-08,7/8/2023 7:17:44
VOT2362,Pamela,Webb,36,F,GA,Independent,pamela.webb@email.com,2013-04-20,2024-11-05,8/3/2024 19:15:36
VOT2363,Albert,Simpson,55,M,VA,Democrat,albert.simpson@email.com,2001-08-05,2024-11-05,10/9/2023 0:33:49
VOT2364,Virginia,Stevens,39,F,WA,Republican,virginia.stevens@email.com,2011-01-18,2024-11-05,4/24/2025 15:58:53
VOT2365,Jeremy,Tucker,48,M,AZ,Independent,jeremy.tucker@email.com,2007-05-30,2020-11-03,2/3/2025 16:09:15
VOT2366,Frances,Porter,58,F,MA,Democrat,frances.porter@email.com,2002-10-12,2024-11-05,4/26/2023 19:14:45
VOT2367,Phillip,Hunter,33,M,TN,Republican,phillip.hunter@email.com,2016-02-25,2024-11-05,5/19/2023 9:07:51
VOT2368,Susan,Hicks,49,F,MO,Independent,susan.hicks@email.com,2006-07-08,2022-11-08,11/12/2023 21:46:35
VOT2369,Louis,Crawford,42,M,MD,Democrat,louis.crawford@email.com,2010-11-20,2024-11-05,1/9/2023 3:58:06
VOT237,,Stephens,32,M,ME,Republican,jonah.stephens@email.com,2016-08-25,2024-11-05,8/17/2024 8:13:18
VOT2370,Dorothy,Henry,35,F,CO,Republican,dorothy.henry@email.com,2014-04-02,2024-11-05,11/12/2023 20:45:46
VOT2371,Patrick,Boyd,61,M,OR,Independent,patrick.boyd@email.com,1995-08-15,2024-11-05,5/7/2025 0:57:15
VOT2372,Rose,Mason,44,F,NV,Democrat,rose.mason@email.com,2009-12-28,2020-11-03,8/11/2023 10:21:46
VOT2373,Willie,Morales,28,M,CT,Republican,willie.morales@email.com,2019-05-10,2024-11-05,6/15/2024 2:40:04
VOT2374,Katherine,Kennedy,51,F,NJ,Independent,katherine.kennedy@email.com,2004-09-22,2024-11-05,3/9/2025 9:26:14
VOT2375,Terry,Warren,45,M,IN,Democrat,terry.warren@email.com,2008-02-05,2022-11-08,2/2/2024 14:01:40
VOT2376,Amy,Dixon,37,F,WI,Republican,amy.dixon@email.com,2013-06-18,2024-11-05,11/19/2023 1:54:56
VOT2377,Harold,Ramos,59,M,SC,Independent,harold.ramos@email.com,1999-10-30,2024-11-05,1/13/2023 4:56:17
VOT2378,Christine,Reyes,30,F,AL,Democrat,christine.reyes@email.com,2018-03-15,2024-11-05,12/3/2024 16:25:34
VOT2379,Gerald,Burns,49,M,LA,Republican,gerald.burns@email.com,2006-07-25,2020-11-03,7/25/2024 22:02:26
VOT238,Julia,Payne,50,F,RI,Independent,julia.payne@email.com,2004-01-08,2024-11-05,7/26/2025 8:16:51
VOT2380,Debra,Gordon,43,F,KY,Independent,debra.gordon@email.com,2009-12-08,2024-11-05,1/31/2025 10:52:14
VOT2381,Arthur,Shaw,38,M,OK,Democrat,arthur.shaw@email.com,2012-04-20,2024-11-05,6/29/2024 5:14:08
VOT2382,Jean,Holmes,56,F,AR,Republican,jean.holmes@email.com,2000-08-05,2022-11-08,1/27/2023 10:38:39
VOT2383,Bryan,Rice,34,M,IA,Independent,bryan.rice@email.com,2015-01-18,2024-11-05,7/15/2025 22:41:20
VOT2384,Kathryn,Robertson,47,F,MS,Democrat,kathryn.robertson@email.com,2007-05-30,2024-11-05,7/25/2023 14:57:21
VOT2385,Austin,Hunt,41,M,UT,Republican,austin.hunt@email.com,2010-10-12,2024-11-05,4/3/2024 0:09:27
VOT2386,Denise,Black,32,F,KS,Independent,denise.black@email.com,2016-02-25,2020-11-03,3/17/2025 22:43:29
VOT2387,Willie,Daniels,52,M,NE,Democrat,willie.daniels@email.com,2004-07-08,2024-11-05,5/26/2024 4:47:41
VOT2388,Rachel,Palmer,46,F,NM,Republican,rachel.palmer@email.com,2008-11-20,2024-11-05,3/6/2024 22:31:54
VOT2389,Aaron,Mills,40,M,WV,Independent,aaron.mills@email.com,2012-04-02,2022-11-08,2/29/2024 21:24:24
VOT239,Parker,Pierce,38,M,MT,Democrat,parker.pierce@email.com,2012-05-20,2024-11-05,7/3/2024 4:02:08
VOT2390,Judy,Nichols,60,F,ID,Democrat,judy.nichols@email.com,1998-08-15,2024-11-05,7/18/2023 17:50:26
VOT2391,Jonathan,Grant,29,M,HI,Republican,jonathan.grant@email.com,2018-12-28,2024-11-05,5/31/2024 12:28:32
VOT2392,Carolyn,Knight,48,F,NH,Independent,carolyn.knight@email.com,2007-05-10,2024-11-05,3/28/2023 7:48:13
VOT2393,Eugene,Ferguson,44,M,ME,Democrat,eugene.ferguson@email.com,2009-09-22,2020-11-03,2/21/2023 20:18:42
VOT2394,Sara,Rose,35,F,RI,Republican,sara.rose@email.com,2014-02-05,2024-11-05,3/16/2024 10:06:17
VOT2395,Arthur,Stone,53,M,MT,Independent,arthur.stone@email.com,2003-06-18,2022-11-08,3/21/2024 15:51:31
VOT2396,Madison,Hawkins,47,F,DE,Democrat,madison.hawkins@email.com,2007-10-30,2024-11-05,3/13/2025 19:58:48
VOT2397,Gabriel,Dunn,31,M,SD,Republican,gabriel.dunn@email.com,2017-03-15,2024-11-05,2/2/2024 18:20:02
VOT2398,Samantha,Sims,50,F,ND,Independent,samantha.sims@email.com,2004-07-25,2024-11-05,4/16/2024 4:36:17
VOT2399,Albert,Hudson,42,M,AK,Democrat,albert.hudson@email.com,2010-12-08,2020-11-03,7/13/2023 2:02:01
VOT240,Ruby,Berry,45,F,DE,Republican,ruby.berry@email.com,2008-09-30,2020-11-03,7/4/2023 15:04:07
VOT2400,Patricia,Spencer,36,F,VT,Republican,patricia.spencer@email.com,2013-04-20,2024-11-05,7/26/2023 13:24:34
VOT2401,Terry,Gardner,58,M,WY,Independent,terry.gardner@email.com,2002-08-05,2024-11-05,3/6/2025 3:01:06
VOT2402,Amy,Stephens,39,F,CA,Democrat,amy.stephens@email.com,2011-01-18,2022-11-08,9/8/2023 13:37:38
VOT2403,Willie,Payne,45,M,TX,Republican,willie.payne@email.com,2008-05-30,2024-11-05,3/14/2025 1:51:15
VOT2404,Diana,Pierce,54,F,FL,Independent,diana.pierce@email.com,2001-10-12,2024-11-05,4/3/2025 7:44:17
VOT2405,Gerald,Berry,33,M,NY,Democrat,gerald.berry@email.com,2016-02-25,2024-11-05,3/8/2024 19:48:04
VOT2406,Kelly,Arnold,48,F,PA,Republican,kelly.arnold@email.com,2007-07-08,2020-11-03,12/18/2023 13:53:55
VOT2407,Peter,Reynolds,41,M,IL,Independent,peter.reynolds@email.com,2010-11-20,2024-11-05,1/16/2024 23:20:41
VOT2408,Frances,Ellis,37,F,OH,Democrat,frances.ellis@email.com,2013-04-02,2024-11-05,9/24/2023 6:08:04
VOT2409,Harold,Harrison,61,M,MI,Republican,harold.harrison@email.com,1995-08-15,2022-11-08,12/16/2024 20:27:37
VOT241,Everett,Arnold,26,M,SD,Independent,everett.arnold@email.com,2020-02-15,2024-11-05,8/11/2023 19:56:27
VOT2410,Judith,Gibson,30,F,NC,Independent,judith.gibson@email.com,2018-12-28,2024-11-05,9/29/2023 19:44:26
VOT2411,Benjamin,McDonald,46,M,GA,Democrat,benjamin.mcdonald@email.com,2008-05-10,2024-11-05,4/5/2025 21:34:27
VOT2412,Lauren,Cruz,43,F,VA,Republican,lauren.cruz@email.com,2009-09-22,2024-11-05,2/19/2024 23:57:22
VOT2413,Keith,Marshall,35,M,WA,Independent,keith.marshall@email.com,2014-02-05,2020-11-03,8/7/2024 21:11:20
VOT2414,Julie,Owens,52,F,AZ,Democrat,julie.owens@email.com,2004-06-18,2024-11-05,2/16/2023 14:45:49
VOT2415,Carl,Johnston,40,M,MA,Republican,carl.johnston@email.com,2012-10-30,2024-11-05,6/1/2025 17:01:53
VOT2416,Teresa,Murray,31,F,TN,Independent,teresa.murray@email.com,2017-03-15,2022-11-08,11/13/2023 11:12:16
VOT2417,Lawrence,Freeman,49,M,MO,Democrat,lawrence.freeman@email.com,2006-07-25,2024-11-05,7/2/2025 4:42:18
VOT2418,Gloria,Wells,44,F,MD,Republican,gloria.wells@email.com,2009-12-08,2024-11-05,4/9/2025 18:19:15
VOT2419,Ralph,Webb,38,M,CO,Independent,ralph.webb@email.com,2012-04-20,2024-11-05,9/4/2023 0:04:41
VOT242,Gianna,Reynolds,63,F,ND,Democrat,gianna.reynolds@email.com,1993-06-28,2024-11-05,7/18/2024 7:38:27
VOT2420,Alice,Simpson,57,F,OR,Democrat,alice.simpson@email.com,2000-08-05,2020-11-03,4/19/2024 6:42:31
VOT2421,Juan,Stevens,29,M,NV,Republican,juan.stevens@email.com,2018-01-18,2024-11-05,11/15/2023 4:27:55
VOT2422,Donna,Tucker,47,F,CT,Independent,donna.tucker@email.com,2007-05-30,2024-11-05,2/6/2025 12:42:50
VOT2423,Ryan,Porter,42,M,NJ,Democrat,ryan.porter@email.com,2010-10-12,2022-11-08,9/4/2024 17:49:19
VOT2424,Brenda,Hunter,36,F,IN,Republican,brenda.hunter@email.com,2013-02-25,2024-11-05,8/30/2024 19:49:21
VOT2425,Scott,Hicks,60,M,WI,Independent,scott.hicks@email.com,1998-07-08,2024-11-05,11/18/2024 17:37:40
VOT2426,Barbara,,34,F,SC,Democrat,barbara.crawford@email.com,2015-11-20,2024-11-05,4/7/2025 4:53:38
VOT2427,Wayne,Henry,48,M,AL,Republican,wayne.henry@email.com,2007-04-02,2020-11-03,7/15/2023 0:01:49
VOT2428,Nancy,Boyd,45,F,LA,Independent,nancy.boyd@email.com,2008-08-15,2024-11-05,9/22/2024 23:30:03
VOT2429,Jerry,Mason,39,M,KY,Democrat,jerry.mason@email.com,2011-12-28,2024-11-05,4/10/2023 10:05:10
VOT243,Weston,Ellis,41,M,AK,Republican,weston.ellis@email.com,2010-11-10,2022-11-08,3/16/2023 18:13:27
VOT2430,Helen,Morales,56,F,OK,Republican,helen.morales@email.com,2000-05-10,2022-11-08,8/11/2025 2:50:58
VOT2431,Eugene,Kennedy,32,M,AR,Independent,eugene.kennedy@email.com,2016-09-22,2024-11-05,3/31/2024 3:06:32
VOT2432,Mary,Warren,50,F,IA,Democrat,mary.warren@email.com,2004-02-05,2024-11-05,9/9/2023 3:38:27
VOT2433,Douglas,Dixon,43,M,MS,Republican,douglas.dixon@email.com,2009-06-18,2024-11-05,3/26/2025 8:17:37
VOT2434,Linda,Ramos,28,F,UT,Independent,linda.ramos@email.com,2019-10-30,2020-11-03,1/21/2025 15:40:53
VOT2435,Randy,Reyes,51,M,KS,Democrat,randy.reyes@email.com,2004-03-15,2024-11-05,4/2/2025 21:07:23
VOT2436,Sarah,Burns,44,F,NE,Republican,sarah.burns@email.com,2009-07-25,2024-11-05,7/5/2023 22:27:57
VOT2437,Howard,Gordon,37,M,NM,Independent,howard.gordon@email.com,2013-12-08,2022-11-08,5/12/2024 8:06:38
VOT2438,Betty,Shaw,59,F,WV,Democrat,betty.shaw@email.com,1999-04-20,2024-11-05,11/24/2023 3:10:27
VOT2439,Billy,Holmes,41,M,ID,Republican,billy.holmes@email.com,2010-08-05,2024-11-05,4/23/2023 1:55:22
VOT244,Serenity,Harrison,49,F,VT,Independent,serenity.harrison@email.com,2006-03-22,2024-11-05,5/16/2024 18:06:12
VOT2440,Christine,Rice,33,F,HI,Independent,christine.rice@email.com,2016-01-18,2024-11-05,7/15/2023 21:06:49
VOT2441,Ronald,Robertson,55,M,NH,Democrat,ronald.robertson@email.com,2001-05-30,2020-11-03,7/14/2023 23:31:36
VOT2442,Jessica,Hunt,46,F,ME,Republican,jessica.hunt@email.com,2008-10-12,2024-11-05,7/24/2024 1:38:12
VOT2443,Kenneth,Black,40,M,RI,Independent,kenneth.black@email.com,2012-02-25,2024-11-05,2/7/2024 13:34:21
VOT2444,Maria,Daniels,62,F,MT,Democrat,maria.daniels@email.com,1994-07-08,2022-11-08,10/3/2024 22:13:27
VOT2445,Donald,Palmer,35,M,DE,Republican,donald.palmer@email.com,2014-11-20,2024-11-05,3/17/2023 0:38:28
VOT2446,Sharon,Mills,49,F,SD,Independent,sharon.mills@email.com,2006-04-02,2024-11-05,8/24/2025 12:31:09
VOT2447,Frank,Nichols,42,M,ND,Democrat,frank.nichols@email.com,2010-08-15,2024-11-05,4/21/2024 3:33:28
VOT2448,Carol,Grant,38,F,AK,Republican,carol.grant@email.com,2012-12-28,2020-11-03,4/3/2024 19:24:40
VOT2449,Larry,Knight,54,M,VT,Independent,larry.knight@email.com,2001-05-10,2024-11-05,2/6/2025 22:05:29
VOT245,Sawyer,Gibson,34,M,WY,Democrat,sawyer.gibson@email.com,2015-07-05,2024-11-05,12/31/2024 13:19:11
VOT2450,Sandra,Ferguson,30,F,WY,Democrat,sandra.ferguson@email.com,2018-09-22,2024-11-05,8/31/2025 17:38:54
VOT2451,Edward,Rose,47,M,CA,Republican,edward.rose@email.com,2007-02-05,2022-11-08,3/11/2025 14:14:04
VOT2452,Laura,Stone,43,F,TX,Independent,laura.stone@email.com,2009-06-18,2024-11-05,12/20/2024 0:52:33
VOT2453,Mark,Hawkins,36,M,FL,Democrat,mark.hawkins@email.com,2013-10-30,2024-11-05,4/22/2025 23:07:06
VOT2454,Joyce,Dunn,61,F,NY,Republican,joyce.dunn@email.com,1995-03-15,2024-11-05,7/15/2023 15:35:52
VOT2455,Raymond,Sims,39,M,PA,Independent,raymond.sims@email.com,2011-07-25,2020-11-03,12/29/2023 17:50:19
VOT2456,Deborah,Hudson,48,F,IL,Democrat,deborah.hudson@email.com,2007-12-08,2024-11-05,1/7/2024 16:55:29
VOT2457,George,Spencer,44,M,OH,Republican,george.spencer@email.com,2009-04-20,2024-11-05,12/11/2024 18:05:39
VOT2458,Patricia,Gardner,31,F,MI,Independent,patricia.gardner@email.com,2017-08-05,2022-11-08,2/23/2025 9:34:13
VOT2459,Roger,Stephens,52,M,NC,Democrat,roger.stephens@email.com,2004-01-18,2024-11-05,3/4/2023 20:51:47
VOT246,Valentina,McDonald,55,F,CA,Republican,valentina.mcdonald@email.com,2001-11-18,2024-11-05,7/31/2023 20:19:38
VOT2460,Kimberly,Payne,45,F,GA,Republican,kimberly.payne@email.com,2008-05-30,2024-11-05,7/4/2023 8:41:42
VOT2461,Arthur,Pierce,37,M,VA,Independent,arthur.pierce@email.com,2013-10-12,2024-11-05,1/13/2025 22:20:33
VOT2462,Ruth,Berry,58,F,WA,Democrat,ruth.berry@email.com,2002-02-25,2020-11-03,5/10/2025 13:44:16
VOT2463,Joseph,Arnold,34,M,AZ,Republican,joseph.arnold@email.com,2015-07-08,2024-11-05,8/26/2023 8:15:11
VOT2464,Margaret,Reynolds,50,F,MA,Independent,margaret.reynolds@email.com,2004-11-20,2024-11-05,8/1/2024 4:40:37
VOT2465,Fred,Ellis,46,M,TN,Democrat,fred.ellis@email.com,2008-04-02,2022-11-08,5/14/2025 0:26:02
VOT2466,Carolyn,Harrison,40,F,MO,Republican,carolyn.harrison@email.com,2012-08-15,2024-11-05,6/3/2025 15:50:11
VOT2467,Richard,Gibson,60,M,MD,Independent,richard.gibson@email.com,1998-12-28,2024-11-05,6/29/2025 17:31:47
VOT2468,Janet,McDonald,29,F,CO,Democrat,janet.mcdonald@email.com,2018-05-10,2024-11-05,12/3/2024 9:29:08
VOT2469,Timothy,Cruz,49,M,OR,Republican,timothy.cruz@email.com,2006-09-22,2020-11-03,2/9/2023 23:07:36
VOT247,Bennett,Cruz,30,M,TX,Independent,bennett.cruz@email.com,2018-04-02,2020-11-03,6/15/2023 5:57:03
VOT2470,Pamela,Marshall,42,F,NV,Independent,pamela.marshall@email.com,2010-02-05,2024-11-05,5/8/2023 0:51:03
VOT2471,Albert,Owens,38,M,CT,Democrat,albert.owens@email.com,2012-06-18,2024-11-05,1/26/2025 23:26:37
VOT2472,Virginia,Johnston,55,F,NJ,Republican,virginia.johnston@email.com,2001-10-30,2022-11-08,5/10/2025 2:21:11
VOT2473,Jeremy,Murray,33,M,IN,Independent,jeremy.murray@email.com,2016-03-15,2024-11-05,5/28/2023 12:33:32
VOT2474,Frances,Freeman,47,F,WI,Democrat,frances.freeman@email.com,2007-07-25,2024-11-05,3/15/2024 20:34:55
VOT2475,Phillip,Wells,41,M,SC,Republican,phillip.wells@email.com,2010-12-08,2024-11-05,5/18/2025 17:12:55
VOT2476,Susan,Webb,36,F,AL,Independent,susan.webb@email.com,2013-04-20,2020-11-03,1/28/2024 18:24:38
VOT2477,Louis,Simpson,54,M,LA,Democrat,louis.simpson@email.com,2001-08-05,2024-11-05,6/30/2025 4:21:11
VOT2478,Dorothy,Stevens,48,F,KY,Republican,dorothy.stevens@email.com,2007-01-18,2024-11-05,3/15/2023 0:07:46
VOT2479,Patrick,Tucker,30,M,OK,Independent,patrick.tucker@email.com,2018-05-30,2022-11-08,1/23/2025 11:01:01
VOT248,Paisley,Marshall,48,F,FL,Democrat,paisley.marshall@email.com,2007-08-15,2024-11-05,12/26/2024 18:28:47
VOT2480,Rose,Porter,44,F,AR,Democrat,rose.porter@email.com,2009-10-12,2024-11-05,12/10/2023 19:30:03
VOT2481,Willie,Hunter,40,M,Iowa,Republican,willie.hunter@email.com,2012-02-25,2024-11-05,2/8/2023 6:50:51
VOT2482,Katherine,Hicks,35,F,MS,Independent,katherine.hicks@email.com,2014-07-08,2024-11-05,3/28/2024 17:02:32
VOT2483,Terry,Crawford,57,M,UT,Democrat,terry.crawford@email.com,2000-11-20,2020-11-03,2/14/2023 10:54:33
VOT2484,Amy,Henry,31,F,KS,Republican,amy.henry@email.com,2017-04-02,2024-11-05,9/18/2024 18:06:04
VOT2485,Harold,Boyd,46,M,NE,Independent,harold.boyd@email.com,2008-08-15,2024-11-05,12/29/2023 6:26:47
VOT2486,Christine,Mason,43,F,NM,Democrat,christine.mason@email.com,2009-12-28,2022-11-08,12/24/2023 16:34:11
VOT2487,Gerald,Morales,39,M,WV,Republican,gerald.morales@email.com,2011-05-10,2024-11-05,10/11/2023 22:14:26
VOT2488,Debra,Kennedy,61,F,ID,Independent,debra.kennedy@email.com,1995-09-22,2024-11-05,3/5/2024 4:18:36
VOT2489,Arthur,Warren,28,M,HI,Democrat,arthur.warren@email.com,2019-02-05,2024-11-05,11/28/2024 2:52:20
VOT249,Damian,Owens,43,M,NY,Republican,damian.owens@email.com,2009-12-28,2024-11-05,7/19/2025 5:13:20
VOT2490,Jean,Dixon,50,F,NH,Republican,jean.dixon@email.com,2004-06-18,2020-11-03,2/1/2024 1:56:19
VOT2491,Bryan,Ramos,44,M,ME,Independent,bryan.ramos@email.com,2009-10-30,2024-11-05,5/26/2023 10:36:07
VOT2492,Kathryn,Reyes,37,F,RI,Democrat,kathryn.reyes@email.com,2013-03-15,2024-11-05,9/28/2023 19:37:53
VOT2493,Austin,Burns,52,M,MT,Republican,austin.burns@email.com,2004-07-25,2022-11-08,4/28/2025 1:50:53
VOT2494,Denise,Gordon,32,F,DE,Independent,denise.gordon@email.com,2016-12-08,2024-11-05,4/8/2023 9:47:45
VOT2495,Willie,Shaw,48,M,SD,Democrat,willie.shaw@email.com,2007-04-20,2024-11-05,8/14/2025 22:38:14
VOT2496,Rachel,Holmes,45,F,ND,Republican,rachel.holmes@email.com,2008-08-05,2024-11-05,8/10/2023 8:31:11
VOT2497,Aaron,Rice,38,M,AK,Independent,aaron.rice@email.com,2012-01-18,,10/31/2023 18:29:24
VOT2498,Judy,Robertson,59,F,VT,Democrat,judy.robertson@email.com,1999-05-30,2024-11-05,6/4/2023 18:59:01
VOT2499,Jonathan,Hunt,41,M,WY,Republican,,2010-10-12,2024-11-05,8/12/2023 1:12:03
VOT250,Raelynn,Johnston,37,F,PA,Independent,raelynn.johnston@email.com,2013-05-10,2022-11-08,6/9/2025 17:44:01
VOT2500,Carolyn,Black,34,F,CA,Independent,carolyn.black@email.com,2015-02-25,2022-11-08,5/15/2025 18:54:50
VOT2501,Eugene,Daniels,56,M,TX,Democrat,eugene.daniels@email.com,2000-07-08,2024-11-05,8/10/2023 17:42:48
VOT2502,Sara,Palmer,47,F,FL,Republican,sara.palmer@email.com,2007-11-20,2024-11-05,7/19/2024 19:41:07
VOT2503,Arthur,Mills,29,M,NY,Independent,arthur.mills@email.com,2018-04-02,2024-11-05,4/29/2024 21:19:38
VOT2504,Madison,Nichols,49,F,PA,Democrat,madison.nichols@email.com,2006-08-15,2020-11-03,1/11/2024 19:09:45
VOT2505,Gabriel,Grant,42,M,IL,Republican,gabriel.grant@email.com,2010-12-28,2024-11-05,9/28/2023 18:28:54
VOT2506,Samantha,Knight,36,F,OH,Independent,samantha.knight@email.com,2013-05-10,2024-11-05,4/19/2024 13:35:09
VOT2507,Albert,Ferguson,58,M,MI,Democrat,albert.ferguson@email.com,2002-09-22,2022-11-08,5/5/2025 17:59:06
VOT2508,Patricia,Rose,33,F,NC,Republican,patricia.rose@email.com,2016-02-05,2024-11-05,4/4/2023 9:36:21
VOT2509,Terry,Stone,45,M,GA,Independent,terry.stone@email.com,2008-06-18,2024-11-05,9/13/2023 21:51:48
VOT251,River,Murray,52,M,IL,Democrat,river.murray@email.com,2004-09-22,2024-11-05,7/6/2025 12:28:21
VOT2510,Amy,Hawkins,51,F,VA,Democrat,amy.hawkins@email.com,2004-10-30,2024-11-05,1/24/2023 5:04:47
VOT2511,Willie,Dunn,40,M,WA,Republican,willie.dunn@email.com,2012-03-15,2020-11-03,9/28/2024 7:57:24
VOT2512,Diana,Sims,30,F,AZ,Independent,diana.sims@email.com,2018-07-25,2024-11-05,11/19/2024 11:49:35
VOT2513,Gerald,Hudson,53,M,MA,Democrat,gerald.hudson@email.com,2003-12-08,2024-11-05,6/15/2023 2:54:52
VOT2514,Kelly,Spencer,46,F,TN,Republican,kelly.spencer@email.com,2008-04-20,2022-11-08,3/2/2023 15:59:03
VOT2515,Peter,Gardner,38,M,MO,Independent,peter.gardner@email.com,2012-08-05,2024-11-05,6/11/2024 6:43:03
VOT2516,Frances,Stephens,61,F,MD,Democrat,frances.stephens@email.com,1995-01-18,2024-11-05,7/22/2023 17:31:53
VOT2517,Harold,Payne,44,M,CO,Republican,harold.payne@email.com,2009-05-30,2024-11-05,2/27/2023 16:49:05
VOT2518,Judith,Pierce,31,F,OR,Independent,judith.pierce@email.com,2017-10-12,2020-11-03,12/29/2024 6:36:11
VOT2519,Benjamin,Berry,48,M,NV,Democrat,benjamin.berry@email.com,2007-02-25,2024-11-05,11/24/2024 16:31:48
VOT252,Alaina,Freeman,31,F,OH,Republican,alaina.freeman@email.com,2017-02-05,2024-11-05,3/30/2023 18:35:26
VOT2520,Lauren,Arnold,43,F,CT,Republican,lauren.arnold@email.com,2009-07-08,2024-11-05,1/1/2024 13:39:20
VOT2521,Keith,Reynolds,37,M,NJ,Independent,keith.reynolds@email.com,2013-11-20,2022-11-08,6/21/2023 7:05:55
VOT2522,Julie,Ellis,55,F,IN,Democrat,julie.ellis@email.com,2001-04-02,2024-11-05,7/31/2025 4:53:48
VOT2523,Carl,Harrison,39,M,WI,Republican,carl.harrison@email.com,2011-08-15,2024-11-05,11/18/2024 4:45:01
VOT2524,Teresa,Gibson,52,F,SC,Independent,teresa.gibson@email.com,2004-12-28,2024-11-05,2/25/2023 19:02:38
VOT2525,Lawrence,McDonald,35,M,AL,Democrat,lawrence.mcdonald@email.com,2014-05-10,2020-11-03,4/12/2025 0:46:26
VOT2526,Gloria,Cruz,47,F,LA,Republican,gloria.cruz@email.com,2007-09-22,2024-11-05,2/23/2023 15:44:16
VOT2527,Ralph,Marshall,60,M,KY,Independent,ralph.marshall@email.com,1998-02-05,2024-11-05,4/9/2023 2:58:03
VOT2528,Alice,Owens,32,F,OK,Democrat,alice.owens@email.com,2016-06-18,2022-11-08,5/27/2023 4:09:08
VOT2529,Juan,Johnston,49,M,AR,Republican,juan.johnston@email.com,2006-10-30,2024-11-05,4/12/2024 6:05:06
VOT253,Ashton,Wells,44,M,MI,Independent,ashton.wells@email.com,2009-06-18,2024-11-05,9/21/2024 17:15:43
VOT2530,Donna,Murray,44,F,IA,Independent,donna.murray@email.com,2009-03-15,2024-11-05,3/16/2023 10:51:02
VOT2531,Ryan,Freeman,38,M,MS,Democrat,ryan.freeman@email.com,2012-07-25,2024-11-05,6/22/2023 4:23:50
VOT2532,Brenda,Wells,56,F,UT,Republican,brenda.wells@email.com,2000-12-08,2020-11-03,2/27/2023 3:45:05
VOT2533,Scott,Webb,41,M,KS,Independent,scott.webb@email.com,2010-04-20,2024-11-05,8/9/2024 15:36:30
VOT2534,Barbara,Simpson,34,F,NE,Democrat,barbara.simpson@email.com,2015-08-05,2024-11-05,3/20/2025 21:25:48
VOT2535,Wayne,Stevens,50,M,NM,Republican,wayne.stevens@email.com,2004-01-18,2022-11-08,8/21/2025 21:54:12
VOT2536,Nancy,Tucker,45,F,WV,Independent,nancy.tucker@email.com,2008-05-30,2024-11-05,8/3/2023 4:55:48
VOT2537,Jerry,Porter,29,M,ID,Democrat,jerry.porter@email.com,2018-10-12,2024-11-05,8/26/2023 17:44:19
VOT2538,,,46,F,HI,Republican,helen.hunter@email.com,2008-02-25,2024-11-05,11/22/2024 18:13:48
VOT2539,Eugene,Hicks,42,M,NH,Independent,eugene.hicks@email.com,2010-07-08,2020-11-03,2/2/2024 6:11:25
VOT254,Lucia,Webb,58,F,NC,Democrat,lucia.webb@email.com,2002-10-30,2020-11-03,3/19/2025 10:25:34
VOT2540,Mary,Crawford,37,F,ME,Democrat,mary.crawford@email.com,2013-11-20,2024-11-05,5/10/2024 9:02:23
VOT2541,Douglas,Henry,59,M,RI,Republican,douglas.henry@email.com,1999-04-02,2024-11-05,2/6/2025 17:36:34
VOT2542,Linda,Boyd,30,F,MT,Independent,linda.boyd@email.com,2018-08-15,2022-11-08,7/28/2023 21:33:43
VOT2543,Randy,Mason,48,M,DE,Democrat,randy.mason@email.com,2007-12-28,2024-11-05,10/3/2023 0:54:25
VOT2544,Sarah,Morales,43,F,SD,Republican,sarah.morales@email.com,2009-05-10,2024-11-05,7/13/2023 21:06:46
VOT2545,Howard,Kennedy,36,M,ND,Independent,howard.kennedy@email.com,2013-09-22,2024-11-05,9/20/2023 1:20:27
VOT2546,Betty,Warren,54,F,AK,Democrat,betty.warren@email.com,2001-02-05,2020-11-03,9/9/2023 19:39:35
VOT2547,Billy,Dixon,40,M,VT,Republican,billy.dixon@email.com,2012-06-18,2024-11-05,3/17/2023 8:05:13
VOT2548,Christine,Ramos,31,F,WY,Independent,christine.ramos@email.com,2017-10-30,2024-11-05,12/22/2024 11:12:43
VOT2549,Ronald,Reyes,51,M,CA,Democrat,ronald.reyes@email.com,2004-03-15,2022-11-08,7/19/2025 20:23:38
VOT255,Milo,Simpson,29,M,GA,Republican,milo.simpson@email.com,2018-03-15,2024-11-05,1/24/2025 9:39:18
VOT2550,Jessica,Burns,44,F,TX,Republican,jessica.burns@email.com,2009-07-25,2024-11-05,6/9/2024 10:51:15
VOT2551,Kenneth,Gordon,39,M,FL,Independent,kenneth.gordon@email.com,2011-12-08,2024-11-05,4/24/2023 0:48:17
VOT2552,Maria,Shaw,61,F,NY,Democrat,maria.shaw@email.com,1995-04-20,2024-11-05,8/27/2023 12:53:51
VOT2553,Donald,Holmes,35,M,PA,Republican,donald.holmes@email.com,2014-08-05,2020-11-03,6/22/2023 8:32:41
VOT2554,Sharon,Rice,49,F,IL,Independent,sharon.rice@email.com,2006-01-18,2024-11-05,2/18/2025 6:18:27
VOT2555,Frank,Robertson,45,M,OH,Democrat,frank.robertson@email.com,2008-05-30,2024-11-05,6/17/2025 14:43:16
VOT2556,Carol,Hunt,33,F,MI,Republican,carol.hunt@email.com,2016-10-12,2022-11-08,3/8/2024 13:14:35
VOT2557,Larry,Black,52,M,NC,Independent,larry.black@email.com,2004-02-25,2024-11-05,6/5/2025 0:01:14
VOT2558,Sandra,Daniels,46,F,GA,Democrat,sandra.daniels@email.com,2008-07-08,2024-11-05,2/3/2024 11:40:14
VOT2559,Edward,Palmer,38,M,VA,Republican,edward.palmer@email.com,2012-11-20,2024-11-05,11/3/2024 16:21:40
VOT256,Elena,Stevens,46,F,VA,Independent,elena.stevens@email.com,2008-07-25,2024-11-05,11/15/2023 19:18:07
VOT2560,Laura,Mills,57,F,WA,Independent,laura.mills@email.com,2000-04-02,2020-11-03,4/25/2023 16:22:58
VOT2561,Mark,Nichols,41,M,AZ,Democrat,mark.nichols@email.com,2010-08-15,2024-11-05,6/23/2023 23:03:11
VOT2562,Joyce,Grant,30,F,MA,Republican,joyce.grant@email.com,2018-12-28,2024-11-05,7/12/2025 16:25:45
VOT2563,Raymond,Knight,47,M,TN,Independent,raymond.knight@email.com,2007-05-10,2022-11-08,8/7/2023 14:43:26
VOT2564,Deborah,Ferguson,44,F,MO,Democrat,deborah.ferguson@email.com,2009-09-22,2024-11-05,8/16/2023 7:57:45
VOT2565,George,Rose,36,M,MD,Republican,george.rose@email.com,2013-02-05,2024-11-05,5/3/2023 11:01:46
VOT2566,Patricia,Stone,58,F,CO,Independent,patricia.stone@email.com,2002-06-18,2024-11-05,9/12/2024 10:39:53
VOT2567,Roger,Hawkins,40,M,OR,Democrat,roger.hawkins@email.com,2012-10-30,2020-11-03,4/20/2023 1:17:14
VOT2568,Kimberly,Dunn,48,F,NV,Republican,kimberly.dunn@email.com,2007-03-15,2024-11-05,12/23/2024 10:31:35
VOT2569,Arthur,Sims,53,M,CT,Independent,arthur.sims@email.com,2003-07-25,2024-11-05,9/16/2024 15:00:06
VOT257,Graham,Tucker,39,M,WA,Democrat,graham.tucker@email.com,2011-12-08,2022-11-08,4/27/2025 8:02:07
VOT2570,Ruth,Hudson,34,F,NJ,Democrat,ruth.hudson@email.com,2015-12-08,2022-11-08,2/29/2024 22:15:53
VOT2571,Joseph,Spencer,50,M,IN,Republican,joseph.spencer@email.com,2004-04-20,2024-11-05,11/8/2024 23:07:38
VOT2572,Margaret,Gardner,42,F,WI,Independent,margaret.gardner@email.com,2010-08-05,2024-11-05,7/28/2023 20:18:50
VOT2573,Fred,Stephens,29,M,SC,Democrat,fred.stephens@email.com,2018-01-18,2024-11-05,6/1/2023 8:51:55
VOT2574,Carolyn,Payne,45,F,AL,Republican,carolyn.payne@email.com,2008-05-30,2020-11-03,10/1/2024 19:46:54
VOT2575,Richard,Pierce,41,M,LA,Independent,richard.pierce@email.com,2010-10-12,2024-11-05,1/25/2025 22:52:33
VOT2576,Janet,Berry,37,F,KY,Democrat,janet.berry@email.com,2013-02-25,2024-11-05,1/1/2024 4:05:25
VOT2577,Timothy,Arnold,56,M,OK,Republican,timothy.arnold@email.com,2000-07-08,2022-11-08,6/21/2024 14:21:51
VOT2578,Pamela,Reynolds,31,F,AR,Independent,pamela.reynolds@email.com,2017-11-20,2024-11-05,1/30/2025 23:07:35
VOT2579,Albert,Ellis,49,M,IA,Democrat,albert.ellis@email.com,2006-04-02,2024-11-05,7/11/2025 21:05:44
VOT258,Adalynn,Porter,53,F,AZ,Republican,adalynn.porter@email.com,2003-04-20,2024-11-05,10/12/2024 13:45:57
VOT2580,Virginia,Harrison,43,F,MS,Republican,virginia.harrison@email.com,2009-08-15,2024-11-05,1/27/2024 11:01:37
VOT2581,Jeremy,Gibson,35,M,UT,Independent,jeremy.gibson@email.com,2014-12-28,2020-11-03,11/19/2023 18:59:23
VOT2582,Frances,McDonald,60,F,KS,Democrat,frances.mcdonald@email.com,1998-05-10,2024-11-05,1/7/2023 23:20:00
VOT2583,Phillip,Cruz,39,M,NE,Republican,phillip.cruz@email.com,2011-09-22,2024-11-05,2/20/2025 4:16:23
VOT2584,Susan,Marshall,51,F,NM,Independent,susan.marshall@email.com,2004-02-05,2022-11-08,7/30/2024 23:22:23
VOT2585,Louis,Owens,46,M,WV,Democrat,louis.owens@email.com,2008-06-18,2024-11-05,5/10/2024 12:35:41
VOT2586,Dorothy,Johnston,32,F,ID,Republican,dorothy.johnston@email.com,2016-10-30,2024-11-05,8/1/2024 1:41:44
VOT2587,Patrick,Murray,54,M,HI,Independent,patrick.murray@email.com,2001-03-15,2024-11-05,11/24/2023 5:51:35
VOT2588,Rose,Freeman,44,F,NH,Democrat,rose.freeman@email.com,2009-07-25,2020-11-03,4/20/2024 22:29:41
VOT2589,Willie,Wells,38,M,ME,Republican,willie.wells@email.com,2012-12-08,2024-11-05,6/14/2024 2:41:35
VOT259,Rhett,Hunter,35,M,MA,Independent,rhett.hunter@email.com,2014-08-05,2024-11-05,2/19/2024 17:58:25
VOT2590,Katherine,Webb,62,F,RI,Independent,katherine.webb@email.com,1994-04-20,2024-11-05,5/1/2024 0:30:12
VOT2591,Terry,Simpson,28,M,MT,Democrat,terry.simpson@email.com,2019-08-05,2022-11-08,1/14/2023 11:52:45
VOT2592,Amy,Stevens,47,F,DE,Republican,amy.stevens@email.com,2007-01-18,2024-11-05,3/30/2024 7:23:22
VOT2593,Harold,Tucker,42,M,SD,Independent,harold.tucker@email.com,2010-05-30,2024-11-05,4/11/2025 18:02:01
VOT2594,Christine,Porter,36,F,ND,Democrat,christine.porter@email.com,2013-10-12,2024-11-05,1/24/2023 18:53:27
VOT2595,Gerald,Hunter,55,M,AK,Republican,gerald.hunter@email.com,2001-02-25,2020-11-03,4/26/2024 17:58:52
VOT2596,Debra,Hicks,40,F,VT,Independent,debra.hicks@email.com,2012-07-08,2024-11-05,1/22/2025 19:46:09
VOT2597,Arthur,Crawford,33,M,WY,Democrat,arthur.crawford@email.com,2016-11-20,2024-11-05,1/7/2023 23:56:04
VOT2598,Jean,Henry,48,F,CA,Republican,jean.henry@email.com,2007-04-02,2022-11-08,4/5/2023 15:55:58
VOT2599,Bryan,Boyd,45,M,TX,Independent,bryan.boyd@email.com,2008-08-15,2024-11-05,8/18/2023 7:00:14
VOT260,Arya,Hicks,47,F,TN,Democrat,arya.hicks@email.com,2007-01-18,2024-11-05,12/28/2024 18:17:36
VOT2600,Kathryn,Mason,39,F,FL,Democrat,kathryn.mason@email.com,2011-12-28,2024-11-05,4/2/2023 16:14:40
VOT2601,Austin,Morales,61,M,NY,Republican,austin.morales@email.com,1995-05-10,2024-11-05,2/12/2025 0:46:59
VOT2602,Denise,Kennedy,30,F,PA,Independent,denise.kennedy@email.com,2018-09-22,2020-11-03,1/2/2023 19:22:11
VOT2603,Willie,Warren,50,M,IL,Democrat,willie.warren@email.com,2004-02-05,2024-11-05,2/17/2024 18:55:51
VOT2604,Rachel,Dixon,43,F,OH,Republican,rachel.dixon@email.com,2009-06-18,2024-11-05,9/23/2024 5:01:36
VOT2605,Aaron,Ramos,37,M,MI,Independent,aaron.ramos@email.com,2013-10-30,2022-11-08,8/20/2024 15:19:41
VOT2606,Judy,Reyes,58,F,NC,Democrat,judy.reyes@email.com,2002-03-15,2024-11-05,2/15/2025 3:20:13
VOT2607,Jonathan,Burns,34,M,GA,Republican,jonathan.burns@email.com,2015-07-25,2024-11-05,1/30/2024 17:59:59
VOT2608,Carolyn,Gordon,49,F,VA,Independent,carolyn.gordon@email.com,2006-12-08,2024-11-05,1/31/2025 1:57:33
VOT2609,Eugene,Shaw,44,M,WA,Democrat,eugene.shaw@email.com,2009-04-20,2020-11-03,8/1/2025 17:07:04
VOT261,Enzo,Crawford,60,M,MO,Republican,enzo.crawford@email.com,1998-05-30,2020-11-03,10/2/2024 11:14:23
VOT2610,Sara,Holmes,31,F,AZ,Republican,sara.holmes@email.com,2017-08-05,2024-11-05,2/19/2023 16:40:51
VOT2611,Arthur,Rice,52,M,MA,Independent,arthur.rice@email.com,2004-01-18,2024-11-05,12/20/2024 20:03:40
VOT2612,Madison,Robertson,46,F,TN,Democrat,madison.robertson@email.com,2008-05-30,2022-11-08,1/5/2025 16:42:28
VOT2613,Gabriel,Hunt,38,M,MO,Republican,gabriel.hunt@email.com,2012-10-12,2024-11-05,12/18/2023 11:49:07
VOT2614,Samantha,Black,60,F,MD,Independent,samantha.black@email.com,1998-02-25,2024-11-05,1/18/2025 12:10:42
VOT2615,Albert,Daniels,41,M,CO,Democrat,albert.daniels@email.com,2010-07-08,2024-11-05,10/26/2023 17:29:33
VOT2616,Patricia,Palmer,35,F,OR,Republican,patricia.palmer@email.com,2014-11-20,2020-11-03,12/9/2023 9:22:40
VOT2617,Terry,Mills,53,M,NV,Independent,terry.mills@email.com,2003-04-02,2024-11-05,8/18/2023 18:06:22
VOT2618,Amy,Nichols,47,F,CT,Democrat,amy.nichols@email.com,2007-08-15,2024-11-05,1/4/2024 14:29:22
VOT2619,Willie,Grant,40,M,NJ,Republican,willie.grant@email.com,2012-12-28,2022-11-08,5/7/2025 19:53:44
VOT262,Melody,Henry,33,F,MD,Independent,melody.henry@email.com,2016-09-12,2024-11-05,10/23/2024 15:11:54
VOT2620,Diana,Knight,29,F,IN,Independent,diana.knight@email.com,2018-05-10,2024-11-05,4/21/2024 12:20:30
VOT2621,Gerald,Ferguson,48,M,WI,Democrat,gerald.ferguson@email.com,2007-09-22,2024-11-05,3/10/2025 9:45:37
VOT2622,Kelly,Rose,42,F,SC,Republican,kelly.rose@email.com,2010-02-05,2024-11-05,8/6/2023 13:44:57
VOT2623,Peter,Stone,37,M,AL,Independent,peter.stone@email.com,2013-06-18,2020-11-03,6/1/2023 19:24:47
VOT2624,Frances,Hawkins,56,F,LA,Democrat,frances.hawkins@email.com,2000-10-30,2024-11-05,12/22/2024 19:22:53
VOT2625,Harold,Dunn,32,M,KY,Republican,harold.dunn@email.com,2016-03-15,2024-11-05,10/10/2024 13:11:15
VOT2626,Judith,Sims,45,F,OK,Independent,judith.sims@email.com,2008-07-25,2022-11-08,9/4/2023 1:12:01
VOT2627,Benjamin,Hudson,44,M,AR,Democrat,benjamin.hudson@email.com,2009-12-08,2024-11-05,11/15/2024 19:06:24
VOT2628,Lauren,Spencer,39,F,IA,Republican,lauren.spencer@email.com,2011-04-20,2024-11-05,10/23/2024 14:04:16
VOT2629,Keith,Gardner,61,M,MS,Independent,keith.gardner@email.com,1995-08-05,2024-11-05,6/19/2023 0:26:32
VOT263,Knox,Boyd,42,M,CO,Democrat,knox.boyd@email.com,2010-02-25,2024-11-05,12/21/2023 12:50:53
VOT2630,Julie,Stephens,33,F,UT,Democrat,julie.stephens@email.com,2016-01-18,2020-11-03,4/28/2023 4:07:26
VOT2631,Carl,Payne,51,M,KS,Republican,carl.payne@email.com,2004-05-30,2024-11-05,1/15/2023 2:03:18
VOT2632,Teresa,Pierce,46,F,NE,Independent,teresa.pierce@email.com,2008-10-12,2024-11-05,6/6/2025 16:34:48
VOT2633,Lawrence,Berry,38,M,NM,Democrat,lawrence.berry@email.com,2012-02-25,2022-11-08,5/1/2023 0:56:30
VOT2634,Gloria,Arnold,55,F,WV,Republican,gloria.arnold@email.com,2001-07-08,2024-11-05,4/11/2024 18:12:50
VOT2635,Ralph,Reynolds,30,M,ID,Independent,ralph.reynolds@email.com,2018-11-20,2024-11-05,6/20/2023 19:28:59
VOT2636,Alice,Ellis,47,F,HI,Democrat,alice.ellis@email.com,2007-04-02,2024-11-05,4/26/2023 23:24:28
VOT2637,Juan,Harrison,43,M,NH,Republican,juan.harrison@email.com,2009-08-15,2020-11-03,12/23/2023 21:28:00
VOT2638,Donna,Gibson,36,F,ME,Independent,donna.gibson@email.com,2013-12-28,2024-11-05,12/21/2023 20:21:46
VOT2639,Ryan,McDonald,59,M,RI,Democrat,ryan.mcdonald@email.com,1999-05-10,2024-11-05,1/2/2024 19:05:30
VOT264,Lillian,Mason,28,F,OR,Republican,lillian.mason@email.com,2019-06-08,2022-11-08,1/4/2024 12:16:38
VOT2640,Brenda,Cruz,41,F,MT,Republican,brenda.cruz@email.com,2010-09-22,2022-11-08,8/31/2025 15:35:08
VOT2641,Scott,Marshall,34,M,DE,Independent,scott.marshall@email.com,2015-02-05,2024-11-05,4/27/2023 16:17:12
VOT2642,Barbara,Owens,50,F,SD,Democrat,barbara.owens@email.com,2004-06-18,2024-11-05,2/19/2023 0:07:20
VOT2643,Wayne,Johnston,48,M,ND,Republican,wayne.johnston@email.com,2007-10-30,2024-11-05,9/6/2023 3:16:11
VOT2644,Nancy,Murray,31,F,AK,Independent,nancy.murray@email.com,2017-03-15,2020-11-03,3/16/2023 18:54:09
VOT2645,Jerry,Freeman,52,M,VT,Democrat,jerry.freeman@email.com,2004-07-25,2024-11-05,2/10/2024 0:03:18
VOT2646,Helen,Wells,45,F,WY,Republican,helen.wells@email.com,2008-12-08,2024-11-05,1/14/2025 1:32:52
VOT2647,Eugene,Webb,40,M,CA,Independent,eugene.webb@email.com,2012-04-20,2022-11-08,7/21/2025 13:44:47
VOT2648,Mary,Simpson,62,F,TX,Democrat,mary.simpson@email.com,1994-08-05,2024-11-05,6/16/2025 1:01:09
VOT2649,Douglas,Stevens,35,M,FL,Republican,douglas.stevens@email.com,2014-01-18,2024-11-05,2/4/2025 19:48:26
VOT265,Caden,Morales,51,M,NV,Independent,caden.morales@email.com,2004-10-20,2024-11-05,2/26/2023 16:04:39
VOT2650,Linda,Tucker,49,F,NY,Independent,linda.tucker@email.com,2006-05-30,2024-11-05,7/23/2023 13:13:44
VOT2651,Randy,Porter,42,M,PA,Democrat,randy.porter@email.com,2010-10-12,2020-11-03,12/24/2023 7:51:15
VOT2652,Sarah,Hunter,28,F,IL,Republican,sarah.hunter@email.com,2019-02-25,2024-11-05,8/7/2025 15:32:21
VOT2653,Howard,Hicks,46,M,OH,Independent,howard.hicks@email.com,2008-07-08,2024-11-05,6/12/2025 8:24:24
VOT2654,Betty,Crawford,44,F,MI,Democrat,betty.crawford@email.com,2009-11-20,2022-11-08,4/17/2025 7:34:49
VOT2655,Billy,Henry,37,M,NC,Republican,billy.henry@email.com,2013-04-02,2024-11-05,2/7/2024 13:11:26
VOT2656,Christine,Boyd,58,F,GA,Independent,christine.boyd@email.com,2002-08-15,2024-11-05,8/9/2023 18:55:19
VOT2657,Ronald,Mason,39,M,VA,Democrat,ronald.mason@email.com,2011-12-28,2024-11-05,12/25/2024 11:10:45
VOT2658,Jessica,Morales,53,F,WA,Republican,jessica.morales@email.com,2003-05-10,2020-11-03,6/28/2025 17:27:15
VOT2659,Kenneth,Kennedy,45,M,AZ,Independent,kenneth.kennedy@email.com,2008-09-22,2024-11-05,3/23/2025 19:55:20
VOT266,Amara,Kennedy,40,F,CT,Democrat,amara.kennedy@email.com,2012-03-05,2024-11-05,4/21/2025 15:07:30
VOT2660,Maria,Warren,30,F,MA,Democrat,maria.warren@email.com,2018-02-05,2024-11-05,2/28/2023 14:08:06
VOT2661,Donald,Dixon,48,M,TN,Republican,donald.dixon@email.com,2007-06-18,2022-11-08,5/20/2023 9:59:04
VOT2662,Sharon,Ramos,43,F,MO,Independent,sharon.ramos@email.com,2009-10-30,2024-11-05,7/2/2024 21:28:07
VOT2663,Frank,Reyes,36,M,MD,Democrat,frank.reyes@email.com,2013-03-15,2024-11-05,1/29/2025 20:36:37
VOT2664,Carol,Burns,61,F,CO,Republican,carol.burns@email.com,1995-07-25,2024-11-05,11/23/2023 15:54:36
VOT2665,Larry,Gordon,41,M,OR,Independent,larry.gordon@email.com,2010-12-08,2020-11-03,3/19/2023 16:40:42
VOT2666,Sandra,Shaw,34,F,NV,Democrat,sandra.shaw@email.com,2015-04-20,2024-11-05,5/15/2025 15:49:32
VOT2667,Edward,Holmes,50,M,CT,Republican,edward.holmes@email.com,2004-08-05,2024-11-05,11/11/2024 0:52:12
VOT2668,Laura,Rice,47,F,NJ,Independent,laura.rice@email.com,2007-01-18,2022-11-08,8/25/2024 13:57:14
VOT2669,Mark,Robertson,32,M,IN,Democrat,mark.robertson@email.com,2016-05-30,2024-11-05,7/11/2024 4:29:10
VOT267,Finn,Warren,36,M,NJ,Republican,finn.warren@email.com,2013-07-18,2024-11-05,1/8/2025 6:43:13
VOT2670,Joyce,Hunt,56,F,WI,Republican,joyce.hunt@email.com,2000-10-12,2024-11-05,11/16/2023 2:04:12
VOT2671,Raymond,Black,38,M,SC,Independent,raymond.black@email.com,2012-02-25,2024-11-05,6/6/2025 2:02:25
VOT2672,Deborah,Daniels,45,F,AL,Democrat,deborah.daniels@email.com,2008-07-08,2020-11-03,8/1/2025 9:00:56
VOT2673,George,Palmer,60,M,LA,Republican,george.palmer@email.com,1998-11-20,2024-11-05,1/9/2025 4:20:28
VOT2674,Patricia,Mills,31,F,KY,Independent,patricia.mills@email.com,2017-04-02,2024-11-05,1/8/2025 12:34:34
VOT2675,Roger,Nichols,49,M,OK,Democrat,roger.nichols@email.com,2006-08-15,2022-11-08,3/11/2024 2:49:55
VOT2676,Kimberly,Grant,44,F,AR,Republican,kimberly.grant@email.com,2009-12-28,2024-11-05,10/23/2023 12:51:28
VOT2677,,,35,M,IA,Independent,arthur.knight@email.com,2014-05-10,2024-11-05,6/27/2024 20:06:29
VOT2678,Ruth,Ferguson,52,F,MS,Democrat,ruth.ferguson@email.com,2004-09-22,2024-11-05,11/28/2024 12:19:23
VOT2679,Joseph,Rose,39,M,UT,Republican,joseph.rose@email.com,2011-02-05,2020-11-03,11/2/2023 0:58:37
VOT268,Willow,Dixon,54,F,IN,Independent,willow.dixon@email.com,2001-11-30,2020-11-03,8/30/2024 17:59:44
VOT2680,Margaret,Stone,29,F,KS,Independent,margaret.stone@email.com,2018-06-18,2024-11-05,4/24/2025 7:57:27
VOT2681,Fred,Hawkins,47,M,NE,Democrat,fred.hawkins@email.com,2007-10-30,2024-11-05,7/2/2024 2:00:12
VOT2682,Carolyn,Dunn,42,F,NM,Republican,carolyn.dunn@email.com,2010-03-15,2022-11-08,3/18/2023 8:11:44
VOT2683,Richard,Sims,37,M,WV,Independent,richard.sims@email.com,2013-07-25,2024-11-05,6/7/2025 23:15:43
VOT2684,Janet,Hudson,58,F,ID,Democrat,janet.hudson@email.com,2002-12-08,2024-11-05,7/31/2023 22:36:14
VOT2685,Timothy,Spencer,33,M,HI,Republican,timothy.spencer@email.com,2016-04-20,2024-11-05,4/20/2023 2:02:20
VOT2686,Pamela,Gardner,46,F,NH,Independent,pamela.gardner@email.com,2008-08-05,2020-11-03,12/15/2023 17:50:08
VOT2687,Albert,Stephens,41,M,ME,Democrat,albert.stephens@email.com,2010-01-18,2024-11-05,1/30/2024 7:49:03
VOT2688,Virginia,Payne,36,F,RI,Republican,virginia.payne@email.com,2013-05-30,2024-11-05,4/20/2023 7:15:07
VOT2689,Jeremy,Pierce,54,M,MT,Independent,jeremy.pierce@email.com,2001-10-12,2022-11-08,10/10/2024 17:18:18
VOT269,Jasper,Ramos,45,M,WI,Democrat,jasper.ramos@email.com,2008-04-12,2024-11-05,4/27/2024 20:21:30
VOT2690,Frances,Berry,48,F,DE,Democrat,frances.berry@email.com,2007-02-25,2024-11-05,8/23/2023 3:36:54
VOT2691,Phillip,Arnold,30,M,SD,Republican,phillip.arnold@email.com,2018-07-08,2024-11-05,12/5/2023 21:13:31
VOT2692,Susan,Reynolds,45,F,ND,Independent,susan.reynolds@email.com,2008-11-20,2024-11-05,4/5/2025 17:34:43
VOT2693,Louis,Ellis,40,M,AK,Democrat,louis.ellis@email.com,2012-04-02,2020-11-03,2/6/2025 17:13:40
VOT2694,Dorothy,Harrison,35,F,VT,Republican,dorothy.harrison@email.com,2014-08-15,2024-11-05,11/25/2024 9:49:19
VOT2695,Patrick,Gibson,61,M,WY,Independent,patrick.gibson@email.com,1995-12-28,2024-11-05,6/18/2024 19:58:56
VOT2696,Rose,McDonald,44,F,CA,Democrat,rose.mcdonald@email.com,2009-05-10,2022-11-08,5/16/2023 13:40:37
VOT2697,Willie,Cruz,28,M,TX,Republican,willie.cruz@email.com,2019-09-22,2024-11-05,6/12/2025 0:40:10
VOT2698,Katherine,Marshall,51,F,FL,Independent,katherine.marshall@email.com,2004-02-05,2024-11-05,7/30/2024 12:10:04
VOT2699,Terry,Owens,43,M,NY,Democrat,terry.owens@email.com,2009-06-18,2024-11-05,8/14/2023 9:59:10
VOT270,Lyla,Reyes,32,F,SC,Republican,lyla.reyes@email.com,2016-08-25,2024-11-05,7/4/2023 3:15:17
VOT2700,Amy,Johnston,37,F,PA,Republican,amy.johnston@email.com,2013-10-30,2020-11-03,5/25/2024 16:46:11
VOT2701,Harold,Murray,59,M,IL,Independent,harold.murray@email.com,1999-03-15,2024-11-05,9/25/2023 16:11:01
VOT2702,Christine,Freeman,32,F,OH,Democrat,christine.freeman@email.com,2016-07-25,2024-11-05,7/10/2025 14:53:59
VOT2703,Gerald,Wells,48,M,MI,Republican,gerald.wells@email.com,2007-12-08,2022-11-08,10/4/2023 22:13:51
VOT2704,Debra,Webb,45,F,NC,Independent,debra.webb@email.com,2008-04-20,2024-11-05,4/15/2023 3:22:52
VOT2705,Arthur,Simpson,38,M,GA,Democrat,arthur.simpson@email.com,2012-08-05,2024-11-05,12/20/2024 9:18:26
VOT2706,Jean,Stevens,56,F,VA,Republican,jean.stevens@email.com,2000-01-18,,9/23/2023 15:34:13
VOT2707,Bryan,Tucker,34,M,WA,Independent,bryan.tucker@email.com,2015-05-30,2020-11-03,7/29/2024 15:48:45
VOT2708,Kathryn,Porter,49,F,AZ,Democrat,kathryn.porter@email.com,2006-10-12,2024-11-05,10/3/2024 12:18:28
VOT2709,Austin,Hunter,42,M,MA,Republican,austin.hunter@email.com,2010-02-25,2024-11-05,5/26/2024 12:49:07
VOT271,Gavin,Burns,49,M,AL,Independent,gavin.burns@email.com,2006-01-08,2022-11-08,1/14/2025 8:16:47
VOT2710,Denise,Hicks,31,F,TN,Independent,denise.hicks@email.com,2017-07-08,2022-11-08,1/28/2023 17:04:59
VOT2711,Willie,Crawford,53,M,MO,Democrat,willie.crawford@email.com,2003-11-20,2024-11-05,11/22/2024 15:13:59
VOT2712,Rachel,Henry,46,F,MD,Republican,rachel.henry@email.com,2008-04-02,2024-11-05,9/30/2023 6:34:30
VOT2713,Aaron,Boyd,39,M,CO,Independent,aaron.boyd@email.com,2011-08-15,2024-11-05,4/3/2023 19:43:13
VOT2714,Judy,Mason,60,F,OR,Democrat,judy.mason@email.com,1998-12-28,2020-11-03,5/14/2025 23:07:42
VOT2715,Jonathan,Morales,35,M,NV,Republican,jonathan.morales@email.com,2014-05-10,2024-11-05,12/20/2024 10:51:50
VOT2716,Carolyn,Kennedy,50,F,CT,Independent,carolyn.kennedy@email.com,2004-09-22,2024-11-05,6/16/2024 19:30:57
VOT2717,Eugene,Warren,44,M,NJ,Democrat,eugene.warren@email.com,2009-02-05,2022-11-08,1/2/2023 19:10:21
VOT2718,Sara,Dixon,29,F,IN,Republican,sara.dixon@email.com,2018-06-18,2024-11-05,6/19/2024 20:39:45
VOT2719,Arthur,Ramos,47,M,WI,Independent,arthur.ramos@email.com,2007-10-30,2024-11-05,3/22/2023 4:45:28
VOT272,Arabella,Gordon,38,F,LA,Democrat,arabella.gordon@email.com,2012-05-20,2024-11-05,3/13/2025 12:54:20
VOT2720,Madison,Reyes,41,F,SC,Democrat,madison.reyes@email.com,2010-03-15,2024-11-05,2/6/2025 10:20:52
VOT2721,Gabriel,Burns,36,M,AL,Republican,gabriel.burns@email.com,2013-07-25,2020-11-03,7/12/2025 19:07:42
VOT2722,Samantha,Gordon,55,F,LA,Independent,samantha.gordon@email.com,2001-12-08,2024-11-05,2/24/2025 15:17:59
VOT2723,Albert,Shaw,40,M,KY,Democrat,albert.shaw@email.com,2012-04-20,2024-11-05,4/26/2023 5:16:57
VOT2724,Patricia,Holmes,32,F,OK,Republican,patricia.holmes@email.com,2016-08-05,2022-11-08,3/22/2024 15:22:12
VOT2725,Terry,Rice,48,M,AR,Independent,terry.rice@email.com,2007-01-18,2024-11-05,7/28/2024 3:14:17
VOT2726,Amy,Robertson,45,F,IA,Democrat,amy.robertson@email.com,2008-05-30,2024-11-05,6/24/2023 1:18:13
VOT2727,Willie,Hunt,38,M,MS,Republican,willie.hunt@email.com,2012-10-12,2024-11-05,4/25/2024 6:05:00
VOT2728,Diana,Black,62,F,UT,Independent,diana.black@email.com,1994-02-25,2020-11-03,2/9/2025 5:21:36
VOT2729,Gerald,Daniels,43,M,KS,Democrat,gerald.daniels@email.com,2009-07-08,2024-11-05,10/15/2023 10:55:25
VOT273,Rowan,Shaw,56,M,KY,Republican,rowan.shaw@email.com,2000-09-30,2024-11-05,11/27/2024 20:41:54
VOT2730,Kelly,Palmer,30,F,NE,Republican,kelly.palmer@email.com,2018-11-20,2024-11-05,11/12/2023 2:54:40
VOT2731,Peter,Mills,51,M,NM,Independent,peter.mills@email.com,2004-04-02,2022-11-08,4/30/2025 6:05:41
VOT2732,Frances,Nichols,46,F,WV,Democrat,frances.nichols@email.com,2008-08-15,2024-11-05,8/21/2025 20:39:53
VOT2733,Harold,Grant,37,M,ID,Republican,harold.grant@email.com,2013-12-28,2024-11-05,6/18/2025 23:46:36
VOT2734,Judith,Knight,54,F,HI,Independent,judith.knight@email.com,2001-05-10,2024-11-05,10/2/2023 13:25:03
VOT2735,Benjamin,Ferguson,41,M,NH,Democrat,benjamin.ferguson@email.com,2010-09-22,2020-11-03,6/23/2025 13:12:30
VOT2736,Lauren,Rose,33,F,ME,Republican,lauren.rose@email.com,2016-02-05,2024-11-05,6/14/2023 10:09:58
VOT2737,Keith,Stone,49,M,RI,Independent,keith.stone@email.com,2006-06-18,2024-11-05,7/27/2023 10:28:00
VOT2738,Julie,Hawkins,44,F,MT,Democrat,julie.hawkins@email.com,2009-10-30,2022-11-08,9/8/2023 2:45:52
VOT2739,Carl,Dunn,39,M,DE,Republican,carl.dunn@email.com,2011-03-15,2024-11-05,4/2/2024 5:24:18
VOT274,Eloise,Holmes,30,F,OK,Independent,eloise.holmes@email.com,2018-02-15,2024-11-05,6/14/2025 2:20:52
VOT2740,Teresa,Sims,58,F,SD,Independent,teresa.sims@email.com,2002-07-25,2024-11-05,8/30/2024 15:06:06
VOT2741,Lawrence,Hudson,35,M,ND,Democrat,lawrence.hudson@email.com,2014-12-08,2024-11-05,12/8/2024 1:38:16
VOT2742,Gloria,Spencer,47,F,AK,Republican,gloria.spencer@email.com,2007-04-20,2020-11-03,3/23/2023 14:09:06
VOT2743,Ralph,Gardner,42,M,VT,Independent,ralph.gardner@email.com,2010-08-05,2024-11-05,6/29/2024 16:37:22
VOT2744,Alice,Stephens,28,F,WY,Democrat,alice.stephens@email.com,2019-01-18,2024-11-05,10/17/2023 12:09:15
VOT2745,Juan,Payne,52,M,CA,Republican,juan.payne@email.com,2004-05-30,2022-11-08,10/18/2023 21:46:44
VOT2746,Donna,Pierce,45,F,TX,Independent,donna.pierce@email.com,2008-10-12,2024-11-05,1/22/2024 22:19:09
VOT2747,Ryan,Berry,31,M,FL,Democrat,ryan.berry@email.com,2017-02-25,2024-11-05,11/16/2023 17:25:35
VOT2748,Brenda,Arnold,50,F,NY,Republican,brenda.arnold@email.com,2004-07-08,2024-11-05,5/20/2025 10:24:04
VOT2749,Scott,Reynolds,43,M,PA,Independent,scott.reynolds@email.com,2009-11-20,2020-11-03,2/12/2024 20:00:18
VOT275,Max,Rice,47,M,AR,Democrat,max.rice@email.com,2007-06-28,2020-11-03,1/24/2023 22:14:30
VOT2750,Barbara,Ellis,36,F,IL,Democrat,barbara.ellis@email.com,2013-04-02,2024-11-05,10/26/2024 5:58:06
VOT2751,Wayne,Harrison,61,M,OH,Republican,wayne.harrison@email.com,1995-08-15,2024-11-05,11/24/2023 8:59:36
VOT2752,Nancy,Gibson,30,F,MI,Independent,nancy.gibson@email.com,2018-12-28,2022-11-08,4/15/2024 23:41:11
VOT2753,Jerry,McDonald,48,M,NC,Democrat,jerry.mcdonald@email.com,2007-05-10,2024-11-05,6/24/2024 17:39:38
VOT2754,Helen,Cruz,44,F,GA,Republican,helen.cruz@email.com,2009-09-22,2024-11-05,3/28/2023 23:10:32
VOT2755,Eugene,Marshall,37,M,VA,Independent,eugene.marshall@email.com,2013-02-05,2024-11-05,8/9/2024 22:53:36
VOT2756,Mary,Owens,56,F,WA,Democrat,mary.owens@email.com,2000-06-18,2020-11-03,4/3/2025 8:38:46
VOT2757,Douglas,Johnston,40,M,AZ,Republican,douglas.johnston@email.com,2012-10-30,2024-11-05,4/21/2025 0:01:33
VOT2758,Linda,Murray,34,F,MA,Independent,linda.murray@email.com,2015-03-15,2024-11-05,2/20/2024 5:47:45
VOT2759,Randy,Freeman,53,M,TN,Democrat,randy.freeman@email.com,2003-07-25,2022-11-08,3/23/2024 7:09:20
VOT276,Isla,Robertson,41,F,IA,Republican,isla.robertson@email.com,2010-11-10,2024-11-05,3/10/2024 14:27:26
VOT2760,Sarah,Wells,46,F,MO,Republican,sarah.wells@email.com,2008-12-08,2024-11-05,11/8/2023 7:37:06
VOT2761,Howard,Webb,32,M,MD,Independent,howard.webb@email.com,2016-04-20,2024-11-05,12/10/2023 19:37:38
VOT2762,Betty,Simpson,49,F,CO,Democrat,betty.simpson@email.com,2006-08-05,2024-11-05,11/20/2023 19:30:37
VOT2763,Billy,Stevens,44,M,OR,Republican,billy.stevens@email.com,2009-01-18,2020-11-03,3/7/2023 4:06:04
VOT2764,Christine,Tucker,38,F,NV,Independent,christine.tucker@email.com,2012-05-30,2024-11-05,10/16/2024 21:58:05
VOT2765,Ronald,Porter,59,M,CT,Democrat,ronald.porter@email.com,1999-10-12,2024-11-05,9/1/2023 7:50:53
VOT2766,Jessica,Hunter,41,F,NJ,Republican,jessica.hunter@email.com,2010-02-25,2022-11-08,12/7/2024 6:43:43
VOT2767,Kenneth,Hicks,35,M,IN,Independent,kenneth.hicks@email.com,2014-07-08,2024-11-05,3/11/2024 12:57:28
VOT2768,Maria,Crawford,51,F,WI,Democrat,maria.crawford@email.com,2004-11-20,2024-11-05,10/14/2024 14:01:46
VOT2769,Donald,Henry,46,M,SC,Republican,donald.henry@email.com,2008-04-02,2024-11-05,8/27/2024 22:24:34
VOT277,Elliott,Hunt,34,M,MS,Independent,elliott.hunt@email.com,2015-03-22,2024-11-05,4/28/2025 22:13:54
VOT2770,Sharon,Boyd,28,F,AL,Independent,sharon.boyd@email.com,2019-08-15,2020-11-03,12/5/2024 10:05:45
VOT2771,Frank,Mason,45,M,LA,Democrat,frank.mason@email.com,2008-12-28,2024-11-05,12/14/2024 2:35:26
VOT2772,Carol,Morales,42,F,KY,Republican,carol.morales@email.com,2010-05-10,2024-11-05,2/4/2023 16:27:57
VOT2773,Larry,Kennedy,37,M,OK,Independent,larry.kennedy@email.com,2013-09-22,2022-11-08,6/17/2024 8:24:43
VOT2774,Sandra,Warren,60,F,AR,Democrat,sandra.warren@email.com,1998-02-05,2024-11-05,8/15/2025 4:49:53
VOT2775,Edward,Dixon,33,M,IA,Republican,edward.dixon@email.com,2016-06-18,2024-11-05,7/7/2023 17:22:40
VOT2776,Laura,Ramos,48,F,MS,Independent,laura.ramos@email.com,2007-10-30,2024-11-05,1/7/2023 9:48:19
VOT2777,Mark,Reyes,43,M,UT,Democrat,mark.reyes@email.com,2009-03-15,2020-11-03,7/24/2023 11:08:28
VOT2778,Joyce,Burns,39,F,KS,Republican,joyce.burns@email.com,2011-07-25,2024-11-05,4/21/2025 1:31:37
VOT2779,Raymond,Gordon,55,M,NE,Independent,raymond.gordon@email.com,2001-12-08,2024-11-05,7/5/2025 9:19:53
VOT278,Freya,Black,57,F,UT,Democrat,freya.black@email.com,2000-07-05,2022-11-08,1/24/2024 5:15:21
VOT2780,Deborah,Shaw,31,F,NM,Democrat,deborah.shaw@email.com,2017-04-20,2022-11-08,5/26/2025 19:55:43
VOT2781,George,Holmes,49,M,WV,Republican,george.holmes@email.com,2006-08-05,2024-11-05,4/11/2024 11:35:38
VOT2782,Patricia,Rice,44,F,ID,Independent,patricia.rice@email.com,2009-01-18,2024-11-05,5/1/2024 20:30:47
VOT2783,Roger,Robertson,36,M,HI,Democrat,roger.robertson@email.com,2013-05-30,2024-11-05,8/6/2023 0:01:45
VOT2784,Kimberly,Hunt,52,F,NH,Republican,kimberly.hunt@email.com,2004-10-12,2020-11-03,7/8/2024 1:11:56
VOT2785,Arthur,Black,40,M,ME,Independent,arthur.black@email.com,2012-02-25,2024-11-05,5/5/2023 1:40:17
VOT2786,Ruth,Daniels,35,F,RI,Democrat,ruth.daniels@email.com,2014-07-08,2024-11-05,4/5/2025 20:07:23
VOT2787,Joseph,Palmer,58,M,MT,Republican,joseph.palmer@email.com,2002-11-20,2022-11-08,7/27/2025 9:58:37
VOT2788,Margaret,Mills,46,F,DE,Independent,margaret.mills@email.com,2008-04-02,2024-11-05,2/1/2025 2:09:37
VOT2789,Fred,Nichols,29,M,SD,Democrat,fred.nichols@email.com,2018-08-15,2024-11-05,6/30/2024 22:57:02
VOT279,Oscar,Daniels,26,M,KS,Republican,oscar.daniels@email.com,2020-11-18,2024-11-05,5/27/2024 19:05:15
VOT2790,Carolyn,Grant,47,F,ND,Republican,carolyn.grant@email.com,2007-12-28,2024-11-05,1/7/2025 6:43:25
VOT2791,Richard,Knight,41,M,AK,Independent,richard.knight@email.com,2010-05-10,2020-11-03,7/5/2025 16:43:57
VOT2792,Janet,Ferguson,38,F,VT,Democrat,janet.ferguson@email.com,2012-09-22,2024-11-05,12/26/2024 4:36:34
VOT2793,Timothy,Rose,62,M,WY,Republican,timothy.rose@email.com,1994-02-05,2024-11-05,4/4/2025 1:41:24
VOT2794,Pamela,,34,F,CA,Independent,pamela.stone@email.com,2015-06-18,2022-11-08,3/19/2023 9:38:47
VOT2795,Albert,Hawkins,50,M,TX,Democrat,albert.hawkins@email.com,2004-10-30,2024-11-05,4/1/2024 6:59:50
VOT2796,Virginia,Dunn,45,F,FL,Republican,virginia.dunn@email.com,2008-03-15,2024-11-05,2/8/2024 20:19:53
VOT280,Liliana,Palmer,48,F,NE,Independent,liliana.palmer@email.com,2007-04-02,2024-11-05,8/14/2023 10:42:47
VOT281,Felix,Mills,43,M,NM,Democrat,felix.mills@email.com,2009-08-15,2024-11-05,1/19/2025 4:40:23
VOT282,Anastasia,Nichols,35,F,WV,Republican,anastasia.nichols@email.com,2014-12-28,2020-11-03,9/23/2024 23:38:58
VOT283,Jude,Grant,61,M,ID,Independent,jude.grant@email.com,1995-05-10,2024-11-05,4/19/2025 18:52:17
VOT284,Josephine,Knight,29,F,HI,Democrat,josephine.knight@email.com,2018-09-22,2024-11-05,1/10/2023 8:33:43
VOT285,Arthur,Ferguson,46,M,NH,Republican,arthur.ferguson@email.com,2008-02-05,2022-11-08,5/19/2024 15:51:44
VOT286,Emerson,Rose,52,F,ME,Independent,emerson.rose@email.com,2004-06-18,2024-11-05,1/6/2023 14:54:29
VOT287,George,Stone,37,M,RI,Democrat,george.stone@email.com,2013-10-30,2024-11-05,12/2/2024 7:38:40
VOT288,Zara,Hawkins,44,F,MT,Republican,zara.hawkins@email.com,2009-03-15,2024-11-05,7/8/2023 6:50:04
VOT289,Leon,Dunn,55,M,DE,Independent,leon.dunn@email.com,2001-07-25,2020-11-03,7/6/2023 13:44:16
VOT290,Kaia,Sims,31,F,SD,Democrat,kaia.sims@email.com,2017-12-08,2024-11-05,3/1/2024 23:21:54
VOT291,Archer,Hudson,50,M,ND,Republican,archer.hudson@email.com,2004-04-20,2024-11-05,12/2/2024 4:17:55
VOT292,Genevieve,Spencer,40,F,AK,Independent,genevieve.spencer@email.com,2012-08-05,2022-11-08,3/3/2023 2:48:37
VOT293,Brantley,Gardner,33,M,VT,Democrat,brantley.gardner@email.com,2016-01-18,2024-11-05,8/2/2024 22:20:49
VOT294,Evangeline,Stephens,49,F,WY,Republican,evangeline.stephens@email.com,2006-05-30,2024-11-05,5/4/2024 12:13:47
VOT295,Atlas,Payne,28,M,CA,Independent,atlas.payne@email.com,2019-10-12,2024-11-05,10/17/2024 13:14:51
VOT296,Dahlia,Pierce,60,F,TX,Democrat,dahlia.pierce@email.com,1998-02-25,2020-11-03,7/29/2024 11:19:28
VOT297,Griffin,Berry,42,M,FL,Republican,griffin.berry@email.com,2010-07-08,2024-11-05,6/1/2024 1:00:21
VOT298,Sage,Arnold,36,F,NY,Independent,sage.arnold@email.com,2013-11-20,2024-11-05,7/2/2024 8:27:05
VOT299,Phoenix,Reynolds,53,M,PA,Democrat,phoenix.reynolds@email.com,2003-04-02,2022-11-08,5/21/2023 2:07:34
VOT300,Gemma,Ellis,38,F,IL,Republican,gemma.ellis@email.com,2012-08-15,2024-11-05,1/9/2023 6:29:57
VOT301,Tucker,Harrison,45,M,OH,Independent,tucker.harrison@email.com,2008-12-28,2024-11-05,10/4/2023 18:42:32
VOT302,Nina,Gibson,29,F,MI,Democrat,nina.gibson@email.com,2018-05-10,2024-11-05,10/18/2024 8:10:26
VOT303,Remington,McDonald,54,M,NC,Republican,remington.mcdonald@email.com,2001-09-22,2020-11-03,7/25/2024 3:08:28
VOT304,Blakely,Cruz,47,F,GA,Independent,blakely.cruz@email.com,2007-02-05,2024-11-05,3/26/2023 1:47:41
VOT305,Malachi,Marshall,35,M,VA,Democrat,malachi.marshall@email.com,2014-06-18,2024-11-05,5/10/2025 21:09:49
VOT306,Amaya,Owens,51,F,WA,Republican,amaya.owens@email.com,2004-10-30,2022-11-08,2/19/2024 8:00:16
VOT307,Dean,Johnston,41,M,AZ,Independent,dean.johnston@email.com,2010-03-15,2024-11-05,5/9/2025 14:17:02
VOT308,Camila,Murray,58,F,MA,Democrat,camila.murray@email.com,2002-07-25,2024-11-05,5/19/2025 22:51:29
VOT309,Colt,Freeman,32,M,TN,Republican,colt.freeman@email.com,2016-12-08,2024-11-05,1/10/2025 8:25:23
VOT310,Esme,Wells,46,F,MO,Independent,esme.wells@email.com,2008-04-20,2020-11-03,6/3/2023 3:33:15
VOT311,Reid,Webb,27,M,MD,Democrat,reid.webb@email.com,2020-08-05,2024-11-05,7/15/2024 5:22:33
VOT312,Journey,Simpson,62,F,CO,Republican,journey.simpson@email.com,1994-01-18,2024-11-05,4/17/2023 21:37:39
VOT313,Zane,Stevens,39,M,OR,Independent,zane.stevens@email.com,2011-05-30,2022-11-08,10/1/2024 7:05:08
VOT314,Juliette,Tucker,48,F,NV,Democrat,juliette.tucker@email.com,2007-10-12,2024-11-05,7/15/2023 18:43:45
VOT315,Nash,Porter,34,M,CT,Republican,nash.porter@email.com,2015-02-25,2024-11-05,9/7/2023 3:54:51
VOT316,Remi,Hunter,56,F,NJ,Independent,remi.hunter@email.com,2000-07-08,2024-11-05,7/24/2023 2:10:20
VOT317,Dallas,Hicks,43,M,IN,Democrat,dallas.hicks@email.com,2009-11-20,2020-11-03,6/10/2025 19:01:41
VOT318,Magnolia,Crawford,30,F,WI,Republican,magnolia.crawford@email.com,2018-04-02,2024-11-05,4/14/2023 19:13:51
VOT319,Kameron,Henry,52,M,SC,Independent,kameron.henry@email.com,2004-08-15,2024-11-05,3/16/2025 1:41:02
VOT320,Daphne,Boyd,37,F,AL,Democrat,daphne.boyd@email.com,2013-12-28,2022-11-08,1/17/2023 10:43:32
VOT321,Hendrix,Mason,45,M,LA,Republican,hendrix.mason@email.com,2008-05-10,2024-11-05,4/24/2024 14:38:34
VOT322,Juliana,Morales,31,F,KY,Independent,juliana.morales@email.com,2017-09-22,2024-11-05,1/4/2023 1:44:38
VOT323,Memphis,Kennedy,59,M,OK,Democrat,memphis.kennedy@email.com,1999-02-05,2024-11-05,10/14/2024 5:06:43
VOT324,Oakley,Warren,40,F,AR,Republican,oakley.warren@email.com,2012-06-18,2020-11-03,4/5/2024 8:23:28
VOT325,Wells,Dixon,49,M,IA,Independent,wells.dixon@email.com,2006-10-30,2024-11-05,11/14/2023 20:32:47
VOT326,Haven,Ramos,33,F,MS,Democrat,haven.ramos@email.com,2016-03-15,2024-11-05,6/12/2024 4:16:26
VOT327,Bear,Reyes,55,M,UT,Republican,bear.reyes@email.com,2001-07-25,2022-11-08,6/28/2025 6:19:26
VOT328,Lennox,Burns,38,F,KS,Independent,lennox.burns@email.com,2012-12-08,2024-11-05,10/9/2024 10:58:47
VOT329,Royal,Gordon,46,M,NE,Democrat,royal.gordon@email.com,2008-04-20,2024-11-05,6/2/2025 21:43:49
VOT330,Ophelia,Shaw,28,F,NM,Republican,ophelia.shaw@email.com,2019-08-05,2024-11-05,3/9/2023 5:06:18
VOT331,Stetson,Holmes,61,M,WV,Independent,stetson.holmes@email.com,1995-01-18,2020-11-03,2/16/2024 17:52:47
VOT332,Blair,Rice,42,F,ID,Democrat,blair.rice@email.com,2010-05-30,2024-11-05,1/22/2024 22:27:24
VOT333,Murphy,Robertson,35,M,HI,Republican,murphy.robertson@email.com,2014-10-12,2024-11-05,6/23/2023 4:07:10
VOT334,Palmer,Hunt,50,F,NH,Independent,palmer.hunt@email.com,2004-02-25,2022-11-08,8/18/2025 19:50:52
VOT335,Otto,Black,44,M,ME,Democrat,otto.black@email.com,2009-07-08,2024-11-05,3/31/2025 8:08:57
VOT336,Margot,Daniels,36,F,RI,Republican,margot.daniels@email.com,2013-11-20,2024-11-05,4/25/2025 14:27:28
VOT337,Cyrus,Palmer,57,M,MT,Independent,cyrus.palmer@email.com,2000-04-02,2024-11-05,5/1/2023 13:30:43
VOT338,Nola,Mills,29,F,DE,Democrat,nola.mills@email.com,2018-08-15,2020-11-03,3/13/2024 16:02:47
VOT339,Winston,Nichols,47,M,SD,Republican,winston.nichols@email.com,2007-12-28,2024-11-05,1/5/2024 12:18:15
VOT340,Maeve,Grant,53,F,ND,Independent,maeve.grant@email.com,2003-05-10,2024-11-05,9/5/2023 18:21:03
VOT341,Forrest,Knight,34,M,AK,Democrat,forrest.knight@email.com,2015-09-22,2022-11-08,9/24/2024 16:51:46
VOT342,Sylvie,Ferguson,48,F,VT,Republican,sylvie.ferguson@email.com,2007-02-05,2024-11-05,4/6/2025 14:48:36
VOT343,Ace,Rose,41,M,WY,Independent,ace.rose@email.com,2010-06-18,2024-11-05,4/13/2025 3:53:26
VOT344,Wren,Stone,60,F,CA,Democrat,wren.stone@email.com,1998-10-30,2024-11-05,9/1/2023 18:18:30
VOT345,Sterling,Hawkins,26,M,TX,Republican,sterling.hawkins@email.com,2020-03-15,2020-11-03,9/7/2024 5:53:11
VOT346,Hallie,Dunn,45,F,FL,Independent,hallie.dunn@email.com,2008-07-25,2024-11-05,12/12/2024 10:56:31
VOT347,Crew,Sims,38,M,NY,Democrat,crew.sims@email.com,2012-12-08,2024-11-05,7/16/2025 5:57:00
VOT348,Celeste,Hudson,52,F,PA,Republican,celeste.hudson@email.com,2004-04-20,2022-11-08,4/18/2025 11:51:31
VOT349,Titus,Spencer,31,M,IL,Independent,titus.spencer@email.com,2017-08-05,2024-11-05,8/30/2023 20:56:26
VOT350,Octavia,Gardner,49,F,OH,Democrat,octavia.gardner@email.com,2006-01-18,2024-11-05,4/9/2023 21:01:58
VOT351,Bowen,Stephens,43,M,MI,Republican,bowen.stephens@email.com,2009-05-30,2024-11-05,8/9/2023 14:39:43
VOT352,Juniper,Payne,37,F,NC,Independent,juniper.payne@email.com,2013-10-12,2020-11-03,9/1/2025 10:23:15
VOT353,Apollo,Pierce,56,M,GA,Democrat,apollo.pierce@email.com,2000-02-25,2024-11-05,6/28/2025 19:10:07
VOT354,Rosalie,Berry,30,F,VA,Republican,rosalie.berry@email.com,2018-07-08,2024-11-05,9/27/2023 22:59:06
VOT355,Orion,Arnold,46,M,WA,Independent,orion.arnold@email.com,2008-11-20,2022-11-08,6/23/2025 10:28:23
VOT356,Kira,Reynolds,39,F,AZ,Democrat,kira.reynolds@email.com,2011-04-02,2024-11-05,11/20/2024 22:03:19
VOT357,Caspian,Ellis,55,M,MA,Republican,caspian.ellis@email.com,2001-08-15,2024-11-05,8/16/2024 20:51:29
VOT358,Sutton,Harrison,33,F,TN,Independent,sutton.harrison@email.com,2016-12-28,2024-11-05,11/25/2024 12:26:32
VOT359,Atlas,Gibson,47,M,MO,Democrat,atlas.gibson@email.com,2007-05-10,2020-11-03,3/27/2025 1:40:56
VOT360,Vera,McDonald,41,F,MD,Republican,vera.mcdonald@email.com,2010-09-22,2024-11-05,1/7/2023 17:36:06
VOT361,Wade,Cruz,58,M,CO,Independent,wade.cruz@email.com,2002-02-05,2024-11-05,1/9/2023 13:59:40
VOT362,Ophelia,Marshall,35,F,OR,Democrat,ophelia.marshall@email.com,2014-06-18,2022-11-08,4/16/2024 23:35:09
VOT363,Gage,Owens,50,M,NV,Republican,gage.owens@email.com,2004-10-30,2024-11-05,8/30/2024 3:27:09
VOT364,Iris,Johnston,44,F,CT,Independent,iris.johnston@email.com,2009-03-15,2024-11-05,12/24/2024 5:30:22
VOT365,Ezra,Murray,28,M,NJ,Democrat,ezra.murray@email.com,2019-07-25,2024-11-05,8/31/2023 14:58:22
VOT366,Luna,Freeman,62,F,IN,Republican,luna.freeman@email.com,1994-12-08,2020-11-03,12/5/2023 15:46:27
VOT367,Reed,Wells,42,M,WI,Independent,reed.wells@email.com,2010-04-20,2024-11-05,3/22/2024 5:12:56
VOT368,Astrid,Webb,36,F,SC,Democrat,astrid.webb@email.com,2013-08-05,2024-11-05,6/1/2025 12:58:10
VOT369,Hayes,Simpson,53,M,AL,Republican,hayes.simpson@email.com,2003-01-18,2022-11-08,8/18/2025 17:26:20
VOT370,Marlowe,Stevens,31,F,LA,Independent,marlowe.stevens@email.com,2017-05-30,2024-11-05,6/24/2024 13:29:17
VOT371,Kieran,Tucker,48,M,KY,Democrat,kieran.tucker@email.com,2007-10-12,2024-11-05,4/27/2025 9:26:25
VOT372,Flora,Porter,40,F,OK,Republican,flora.porter@email.com,2012-02-25,2024-11-05,10/11/2023 15:11:26
VOT373,Zion,Hunter,57,M,AR,Independent,zion.hunter@email.com,2000-07-08,2020-11-03,1/26/2025 23:13:32
VOT374,,Hicks,34,F,IA,Democrat,clementine.hicks@email.com,2015-11-20,2024-11-05,4/4/2025 5:03:10
VOT375,Ridge,Crawford,45,M,MS,Republican,ridge.crawford@email.com,2008-04-02,2024-11-05,3/22/2023 14:43:55
VOT376,Elodie,Henry,29,F,UT,Independent,elodie.henry@email.com,2018-08-15,2022-11-08,5/4/2024 5:24:10
VOT377,Brooks,Boyd,51,M,KS,Democrat,brooks.boyd@email.com,2004-12-28,2024-11-05,5/17/2024 19:21:27
VOT378,Beatrice,Mason,37,F,NE,Republican,beatrice.mason@email.com,2013-05-10,2024-11-05,10/21/2023 23:36:24
VOT379,Callum,Morales,43,M,NM,Independent,callum.morales@email.com,2009-09-22,2024-11-05,11/16/2023 14:13:54
VOT380,Dahlia,Kennedy,60,F,WV,Democrat,dahlia.kennedy@email.com,1998-02-05,2020-11-03,8/30/2024 20:08:28
VOT381,Wilder,Warren,32,M,ID,Republican,wilder.warren@email.com,2016-06-18,2024-11-05,2/22/2023 11:05:19
VOT382,Harlow,Dixon,46,F,HI,Independent,harlow.dixon@email.com,2008-10-30,2024-11-05,8/2/2025 23:47:01
VOT383,Tobias,Ramos,39,M,NH,Democrat,tobias.ramos@email.com,2011-03-15,2022-11-08,4/13/2025 14:17:10
VOT384,Adelaide,Reyes,54,F,ME,Republican,adelaide.reyes@email.com,2001-07-25,2024-11-05,4/15/2023 12:12:26
VOT385,Romeo,Burns,27,M,RI,Independent,romeo.burns@email.com,2020-12-08,2024-11-05,12/15/2023 10:56:39
VOT386,Estelle,Gordon,48,F,MT,Democrat,estelle.gordon@email.com,2007-04-20,2024-11-05,3/21/2024 13:34:45
VOT387,Nico,Shaw,41,M,DE,Republican,nico.shaw@email.com,2010-08-05,2020-11-03,9/24/2024 12:21:10
VOT388,Giselle,Holmes,55,F,SD,Independent,giselle.holmes@email.com,2001-01-18,2024-11-05,10/14/2024 21:48:12
VOT389,Bodhi,Rice,35,M,ND,Democrat,bodhi.rice@email.com,2014-05-30,2024-11-05,3/21/2025 9:44:02
VOT390,Thea,Robertson,49,F,AK,Republican,thea.robertson@email.com,2006-10-12,2022-11-08,6/1/2025 18:52:05
VOT391,Magnus,Hunt,33,M,VT,Independent,magnus.hunt@email.com,2016-02-25,2024-11-05,3/14/2023 23:06:52
VOT392,Lorelei,Black,47,F,WY,Democrat,lorelei.black@email.com,2007-07-08,2024-11-05,9/5/2023 22:18:01
VOT393,Lucian,,56,M,CA,Republican,lucian.daniels@email.com,2000-11-20,2024-11-05,10/12/2024 9:30:28
VOT394,Mabel,Palmer,30,F,TX,Independent,mabel.palmer@email.com,2018-04-02,2020-11-03,1/15/2023 16:02:31
VOT395,Augustus,Mills,44,M,FL,Democrat,augustus.mills@email.com,2009-08-15,,7/14/2025 7:46:01
VOT396,Evangeline,Nichols,38,F,NY,Republican,evangeline.nichols@email.com,2012-12-28,2024-11-05,12/25/2023 23:06:47
VOT397,Jasper,Grant,52,M,PA,Independent,jasper.grant@email.com,2004-05-10,2022-11-08,11/10/2023 12:25:09
VOT398,Colette,Knight,42,F,IL,Democrat,colette.knight@email.com,2010-09-22,2024-11-05,3/2/2023 22:14:13
VOT399,Finnegan,Ferguson,28,M,Ohio,Republican,finnegan.ferguson@email.com,2019-02-05,2024-11-05,1/27/2025 23:27:07
VOT400,Aurelia,Rose,61,F,MI,Independent,aurelia.rose@email.com,1995-06-18,2024-11-05,11/5/2023 10:08:53
VOT401,Oliver,Johnson,45,M,North Carolina,Democrat,oliver.johnson@email.com,2008-10-04,2024-11-05,4/30/2024 9:28:08
VOT402,Oliver,Johnson,45,M,North Carolina,Democrat,oliver.johnson@email.com,2008-10-04,2024-11-05,4/30/2024 9:28:08